0.00195839 0.0026825 0.00339257 0.00408502 0.00475647 0.00540375 0.00602397 0.00661449 0.00717296 0.00769734 0.00818585 0.00863702 0.00904965 0.0094228 0.00975577 0.010048 0.0102994 0.0105095 0.0106786 0.0108067 0.0108941 0.010941 0.0109478 0.0109149 0.0108429 0.0107322 0.0105833 0.010397 0.0101738 0.00991452 0.00961997 0.00929104 0.00892874 0.00853421 0.00810869 0.00765356 0.00717034 0.0066607 0.00612644 
0.00389644 0.00533713 0.00674989 0.00812761 0.00946353 0.0107514 0.0119854 0.0131603 0.0142714 0.0153147 0.0162867 0.0171843 0.0180053 0.0187477 0.0194102 0.0199917 0.0204917 0.0209099 0.0212463 0.0215012 0.021675 0.0217683 0.0217818 0.0217165 0.0215731 0.0213528 0.0210567 0.0206859 0.0202419 0.0197261 0.01914 0.0184856 0.0177647 0.0169798 0.0161331 0.0152276 0.0142662 0.0132522 0.0121892 
0.0057943 0.00793671 0.0100376 0.0120864 0.014073 0.0159881 0.0178231 0.0195703 0.0212227 0.0227741 0.0242195 0.0255544 0.0267752 0.0278793 0.0288644 0.0297292 0.0304727 0.0310946 0.0315949 0.0319739 0.0322323 0.0323711 0.0323912 0.032294 0.0320808 0.0317532 0.0313129 0.0307615 0.0301012 0.0293341 0.0284626 0.0274894 0.0264175 0.0252502 0.0239912 0.0226446 0.0212149 0.019707 0.0181263 
0.00763311 0.0104554 0.013223 0.0159219 0.018539 0.0210619 0.0234793 0.0257809 0.0279576 0.0300014 0.0319054 0.0336639 0.0352722 0.0367266 0.0380244 0.0391636 0.0401431 0.0409623 0.0416214 0.0421207 0.0424611 0.0426439 0.0426704 0.0425424 0.0422616 0.04183 0.0412499 0.0405236 0.0396537 0.0386432 0.0374951 0.0362131 0.034801 0.0332632 0.0316047 0.0298308 0.0279474 0.025961 0.0238786 
0.00939539 0.0128693 0.0162758 0.0195979 0.0228191 0.0259245 0.0289 0.031733 0.0344123 0.0369279 0.0392715 0.041436 0.0434156 0.0452058 0.0468032 0.0482054 0.049411 0.0504194 0.0512306 0.0518452 0.0522642 0.0524892 0.0525218 0.0523642 0.0520186 0.0514874 0.0507733 0.0498794 0.0488087 0.0475648 0.0461517 0.0445736 0.0428355 0.0409428 0.0389013 0.0367179 0.0343996 0.0319546 0.0293915 
0.0110655 0.0151569 0.019169 0.0230815 0.0268754 0.0305327 0.0340371 0.0373737 0.0405292 0.043492 0.0462523 0.0488015 0.051133 0.0532414 0.0551227 0.0567742 0.0581941 0.0593817 0.0603371 0.0610609 0.0615544 0.0618194 0.0618578 0.0616722 0.0612651 0.0606395 0.0597985 0.0587456 0.0574846 0.0560197 0.0543553 0.0524968 0.0504498 0.0482205 0.0458162 0.0432446 0.0405143 0.0376347 0.034616 
0.0126298 0.0172995 0.0218788 0.0263444 0.0306746 0.034849 0.0388488 0.0426571 0.0462586 0.0496403 0.0527907 0.0557003 0.0583614 0.0607679 0.0629151 0.0648 0.0664207 0.0677762 0.0688666 0.0696927 0.070256 0.0705584 0.0706023 0.0703905 0.0699258 0.0692118 0.0682519 0.0670502 0.0656109 0.0639389 0.0620393 0.059918 0.0575816 0.0550372 0.052293 0.0493579 0.0462416 0.042955 0.0395095 
0.0140769 0.0192818 0.0243858 0.0293631 0.0341895 0.0388421 0.0433002 0.0475449 0.0515591 0.0553283 0.0588397 0.0620827 0.0650487 0.0677308 0.0701241 0.072225 0.0740314 0.0755422 0.0767575 0.0776783 0.0783062 0.0786432 0.0786921 0.078456 0.0779381 0.0771423 0.0760724 0.074733 0.0731288 0.0712652 0.0691479 0.0667836 0.0641794 0.0613435 0.0582849 0.0550135 0.0515401 0.0478769 0.0440366 
0.0153981 0.0210914 0.0266744 0.0321189 0.0373982 0.0424875 0.0473641 0.052007 0.0563981 0.0605209 0.0643619 0.0679092 0.0711536 0.0740875 0.0767054 0.0790034 0.0809793 0.0826319 0.0839613 0.0849685 0.0856553 0.086024 0.0860775 0.0858192 0.0852527 0.0843821 0.0832119 0.0817468 0.079992 0.0779535 0.0756375 0.0730513 0.0702027 0.0671007 0.063755 0.0601765 0.0563772 0.0523702 0.0481695 
0.0165867 0.0227196 0.0287335 0.0345983 0.0402852 0.0457674 0.0510203 0.0560217 0.0607517 0.0651928 0.0693303 0.0731514 0.0766462 0.0798066 0.0826266 0.085102 0.0872304 0.0890106 0.0904426 0.0915275 0.0922673 0.0926645 0.0927221 0.0924438 0.0918336 0.0908959 0.0896353 0.0880571 0.0861669 0.083971 0.0814762 0.0786904 0.0756219 0.0722804 0.0686765 0.0648218 0.0607292 0.0564128 0.0518879 
0.0176388 0.0241606 0.030556 0.0367927 0.0428403 0.0486702 0.0542563 0.0595749 0.0646049 0.0693277 0.0737275 0.0777911 0.0815075 0.0848683 0.0878672 0.0904996 0.092763 0.094656 0.0961789 0.0973326 0.0981193 0.0985416 0.0986029 0.098307 0.0976581 0.0966609 0.0953204 0.093642 0.091632 0.0892968 0.0866438 0.0836813 0.0804182 0.0768648 0.0730323 0.0689331 0.0645809 0.0599908 0.0551788 
0.0185522 0.0254118 0.0321384 0.0386981 0.0450588 0.0511907 0.0570661 0.0626601 0.0679506 0.072918 0.0775456 0.0818196 0.0857285 0.0892633 0.0924175 0.0951862 0.0975668 0.0995579 0.10116 0.102373 0.1032 0.103645 0.103709 0.103398 0.102715 0.101667 0.100257 0.0984914 0.0963772 0.0939211 0.0911308 0.0880148 0.0845828 0.0808453 0.0768143 0.0725028 0.0679253 0.0630975 0.0580363 
0.0193271 0.0264732 0.0334808 0.0403145 0.0469409 0.0533289 0.0594497 0.0652774 0.0707888 0.0759637 0.0807846 0.0852371 0.0893093 0.0929917 0.0962776 0.099162 0.101642 0.103716 0.105385 0.106649 0.107511 0.107974 0.108041 0.107717 0.107006 0.105913 0.104444 0.102605 0.100403 0.097844 0.0949371 0.091691 0.0881156 0.0842221 0.0800227 0.0755312 0.0707624 0.0657329 0.0604604 
0.0199652 0.0273472 0.0345861 0.0416454 0.0484906 0.0550894 0.0614123 0.0674324 0.0731257 0.0784714 0.0834516 0.088051 0.0922576 0.0960616 0.099456 0.102436 0.104997 0.10714 0.108864 0.11017 0.11106 0.111538 0.111608 0.111273 0.110538 0.109409 0.107892 0.105992 0.103717 0.101074 0.0980712 0.0947179 0.0910245 0.0870024 0.0826644 0.0780246 0.0730984 0.0679029 0.0624564 
0.0204694 0.0280378 0.0354596 0.0426971 0.0497152 0.0564806 0.0629632 0.0691353 0.0749724 0.0804531 0.085559 0.0902746 0.0945874 0.0984875 0.101968 0.105022 0.107649 0.109846 0.111613 0.112952 0.113865 0.114355 0.114426 0.114083 0.11333 0.112172 0.110617 0.108669 0.106336 0.103626 0.100548 0.0971098 0.0933231 0.0891995 0.0847519 0.0799949 0.0749444 0.0696177 0.0640336 
0.0208437 0.0285506 0.036108 0.0434779 0.0506243 0.0575135 0.0641146 0.0703996 0.0763434 0.0819244 0.0871236 0.0919254 0.0963171 0.100289 0.103832 0.106943 0.109617 0.111854 0.113654 0.115017 0.115947 0.116446 0.116518 0.116169 0.115402 0.114223 0.112639 0.110656 0.108281 0.105521 0.102386 0.0988856 0.0950297 0.0908306 0.0863017 0.0814578 0.0763149 0.0708907 0.0652045 
0.0210928 0.0288917 0.0365394 0.0439974 0.0512292 0.0582007 0.0648807 0.0712407 0.0772556 0.0829032 0.0881646 0.0930238 0.0974679 0.101487 0.105073 0.108221 0.110927 0.113191 0.115012 0.116391 0.117332 0.117837 0.11791 0.117557 0.116781 0.115588 0.113985 0.111978 0.109574 0.106782 0.10361 0.100067 0.096165 0.0919158 0.0873328 0.082431 0.0772266 0.0717377 0.0659835 
0.0212214 0.0290679 0.0367623 0.0442657 0.0515416 0.0585556 0.0652763 0.0716751 0.0777267 0.0834087 0.0887022 0.093591 0.0980622 0.102106 0.105713 0.10888 0.111603 0.113881 0.115713 0.117101 0.118048 0.118556 0.118629 0.118273 0.117493 0.116293 0.11468 0.112661 0.110243 0.107433 0.104241 0.100677 0.0967514 0.0924763 0.0878653 0.0829336 0.0776975 0.0721751 0.0663859 
0.0212344 0.0290857 0.0367848 0.0442929 0.0515732 0.0585915 0.0653163 0.0717191 0.0777744 0.0834599 0.0887565 0.0936484 0.0981223 0.102168 0.105778 0.108947 0.111672 0.113951 0.115784 0.117173 0.11812 0.118628 0.118702 0.118346 0.117565 0.116364 0.11475 0.11273 0.11031 0.107499 0.104305 0.100739 0.0968107 0.0925329 0.0879192 0.0829844 0.0777451 0.0722193 0.0664265 
0.0211363 0.0289514 0.0366149 0.0440883 0.051335 0.0583209 0.0650146 0.0713878 0.0774151 0.0830744 0.0883466 0.0932158 0.0976691 0.101696 0.10529 0.108444 0.111156 0.113424 0.115249 0.116632 0.117574 0.11808 0.118154 0.117799 0.117022 0.115827 0.11422 0.112209 0.109801 0.107002 0.103823 0.100273 0.0963635 0.0921055 0.0875131 0.0826011 0.077386 0.0718857 0.0661197 
0.0209312 0.0286704 0.0362595 0.0436604 0.0508367 0.0577548 0.0643836 0.0706949 0.0766637 0.082268 0.087489 0.092311 0.0967211 0.100709 0.104268 0.107391 0.110077 0.112323 0.114131 0.1155 0.116433 0.116934 0.117007 0.116656 0.115886 0.114702 0.113112 0.11112 0.108735 0.105964 0.102816 0.0993002 0.0954281 0.0912115 0.0866636 0.0817993 0.0766349 0.071188 0.0654779 
0.0206223 0.0282473 0.0357245 0.0430162 0.0500866 0.0569026 0.0634336 0.0696518 0.0755325 0.0810541 0.0861981 0.0909489 0.0952939 0.0992231 0.102729 0.105807 0.108453 0.110666 0.112446 0.113795 0.114715 0.115209 0.11528 0.114934 0.114176 0.11301 0.111443 0.10948 0.10713 0.1044 0.101299 0.097835 0.0940201 0.0898656 0.0853849 0.0805924 0.0755041 0.0701376 0.0645118 
0.0202125 0.027686 0.0350146 0.0421613 0.0490913 0.0557719 0.062173 0.0682677 0.0740315 0.0794434 0.0844852 0.0891416 0.0934002 0.0972514 0.100688 0.103704 0.106298 0.108467 0.110212 0.111534 0.112435 0.112919 0.11299 0.112651 0.111907 0.110764 0.109228 0.107305 0.105002 0.102326 0.0992856 0.0958908 0.0921517 0.0880798 0.0836881 0.0789908 0.0740037 0.0687438 0.0632298 
0.0197038 0.0269892 0.0341333 0.0411002 0.0478558 0.0543682 0.0606083 0.0665495 0.0721683 0.077444 0.0823589 0.0868981 0.0910496 0.0948038 0.0981537 0.101094 0.103623 0.105737 0.107438 0.108727 0.109606 0.110077 0.110146 0.109815 0.109091 0.107977 0.106479 0.104604 0.102359 0.0997504 0.0967869 0.0934775 0.0898325 0.0858631 0.0815819 0.0770028 0.0721412 0.0670137 0.0616385 
0.0190977 0.026159 0.0330834 0.039836 0.0463837 0.0526958 0.058744 0.0645025 0.0699484 0.0750619 0.0798256 0.0842252 0.0882489 0.0918877 0.0951345 0.0979846 0.100435 0.102485 0.104133 0.105383 0.106234 0.106692 0.106758 0.106438 0.105735 0.104655 0.103204 0.101387 0.0992104 0.0966821 0.0938097 0.0906022 0.0870693 0.083222 0.0790725 0.0746343 0.0699222 0.0649524 0.0597425 
0.0183954 0.0251969 0.0318667 0.0383709 0.0446779 0.0507578 0.0565835 0.0621302 0.0673759 0.0723013 0.0768898 0.0811276 0.0850034 0.0885083 0.0916357 0.094381 0.0967414 0.0987156 0.100304 0.101507 0.102327 0.102768 0.102832 0.102523 0.101846 0.100806 0.0994083 0.097658 0.0955617 0.0931264 0.0903597 0.0872701 0.0838671 0.0801613 0.0761644 0.0718894 0.0673506 0.0625636 0.0575453 
0.0175976 0.0241042 0.0304847 0.0367069 0.0427403 0.0485566 0.0541297 0.0594359 0.0644541 0.0691658 0.0735554 0.0776094 0.0813171 0.08467 0.0876618 0.0902881 0.0925461 0.0944347 0.095954 0.097105 0.0978898 0.0983111 0.0983723 0.0980771 0.0974297 0.0964348 0.0950974 0.093423 0.0914176 0.0890879 0.0864412 0.0834856 0.0802301 0.076685 0.0728615 0.0687719 0.0644299 0.0598505 0.0550498 
0.0167054 0.0228822 0.0289392 0.0348459 0.0405735 0.0460949 0.0513854 0.0564226 0.0611864 0.0656593 0.0698263 0.0736748 0.0771945 0.0803774 0.0832176 0.0857107 0.0878542 0.0896471 0.0910893 0.092182 0.092927 0.093327 0.0933851 0.0931048 0.0924902 0.0915458 0.0902762 0.0886867 0.086783 0.0845714 0.0820588 0.0792531 0.0761627 0.0727973 0.0691676 0.0652853 0.0611635 0.0568162 0.0522589 
0.0157201 0.0215325 0.0272323 0.0327906 0.0381803 0.0433761 0.0483545 0.0530946 0.0575774 0.0617865 0.0657077 0.0693292 0.0726413 0.0756365 0.0783091 0.0806552 0.0826723 0.0843595 0.0857166 0.0867449 0.0874459 0.0878223 0.087877 0.0876132 0.0870349 0.0861462 0.0849514 0.0834557 0.0816643 0.0795831 0.0772188 0.0745785 0.0716704 0.0685035 0.0650879 0.0614346 0.0575559 0.053465 0.0491766 
0.0146434 0.0200577 0.025367 0.0305446 0.0355652 0.0404051 0.0450426 0.0494579 0.0536337 0.0575545 0.0612072 0.0645806 0.0676659 0.070456 0.0729455 0.0751309 0.0770099 0.0785814 0.0798457 0.0808035 0.0814565 0.0818071 0.081858 0.0816124 0.0810737 0.0802458 0.0791329 0.0777396 0.0760709 0.0741323 0.0719299 0.0694704 0.0667615 0.0638115 0.0606298 0.0572268 0.0536137 0.0498031 0.0458083 
0.0134779 0.0184612 0.023348 0.0281135 0.0327345 0.0371891 0.0414575 0.0455215 0.0493649 0.0529736 0.0563356 0.0594405 0.0622802 0.0648482 0.0671396 0.0691511 0.0708805 0.072327 0.0734906 0.0743722 0.0749733 0.075296 0.0753428 0.0751167 0.0746209 0.0738589 0.0728346 0.0715522 0.0700163 0.068232 0.0662048 0.0639412 0.0614479 0.0587327 0.0558042 0.052672 0.0493465 0.0458392 0.0421624 
0.0122272 0.0167481 0.0211815 0.0255048 0.0296969 0.0337382 0.0376105 0.0412974 0.0447842 0.048058 0.051108 0.0539248 0.0565011 0.0588308 0.0609096 0.0627344 0.0643033 0.0656156 0.0666712 0.067471 0.0680163 0.0683091 0.0683516 0.0681464 0.0676966 0.0670053 0.0660761 0.0649127 0.0635193 0.0619005 0.0600615 0.0580079 0.0557459 0.0532827 0.050626 0.0477844 0.0447675 0.0415856 0.03825 
0.0108962 0.014925 0.0188757 0.0227284 0.0264642 0.0300656 0.0335163 0.0368019 0.0399091 0.0428266 0.0455445 0.0480547 0.0503505 0.0524266 0.0542791 0.0559053 0.0573035 0.0584729 0.0594136 0.0601263 0.0606123 0.0608732 0.0609111 0.0607283 0.0603274 0.0597114 0.0588833 0.0578465 0.0566048 0.0551623 0.0535234 0.0516933 0.0496776 0.0474825 0.045115 0.0425828 0.0398943 0.0370588 0.0340862 
0.00949088 0.0130001 0.0164413 0.0197971 0.0230511 0.026188 0.0291937 0.0320555 0.0347619 0.0373032 0.0396706 0.041857 0.0438567 0.0456651 0.0472787 0.0486951 0.049913 0.0509316 0.051751 0.0523718 0.0527951 0.0530223 0.0530553 0.0528961 0.0525469 0.0520103 0.051289 0.050386 0.0493044 0.0480479 0.0466205 0.0450264 0.0432706 0.0413587 0.0392965 0.0370908 0.0347491 0.0322792 0.0296901 
0.00801873 0.0109836 0.013891 0.0167263 0.0194756 0.0221259 0.0246654 0.0270833 0.0293699 0.031517 0.0335172 0.0353645 0.037054 0.0385819 0.0399452 0.0411419 0.0421709 0.0430315 0.0437238 0.0442483 0.0446059 0.0447979 0.0448258 0.0446913 0.0443963 0.0439429 0.0433335 0.0425705 0.0416567 0.0405951 0.0393891 0.0380423 0.0365588 0.0349434 0.0332011 0.0313376 0.0293591 0.0272723 0.0250848 
0.00648845 0.00888752 0.0112401 0.0135343 0.0157589 0.0179034 0.0199583 0.0219148 0.023765 0.0255024 0.0271208 0.0286156 0.0299827 0.031219 0.0323222 0.0332905 0.0341231 0.0348195 0.0353797 0.0358041 0.0360934 0.0362488 0.0362714 0.0361625 0.0359238 0.035557 0.0350639 0.0344465 0.0337071 0.0328481 0.0318722 0.0307824 0.0295821 0.0282749 0.0268651 0.0253572 0.0237563 0.0220678 0.0202977 
0.00491002 0.00672547 0.00850573 0.0102418 0.0119252 0.0135481 0.0151031 0.0165836 0.0179838 0.0192984 0.0205232 0.0216544 0.0226889 0.0236244 0.0244592 0.025192 0.025822 0.026349 0.0267729 0.0270941 0.0273131 0.0274306 0.0274477 0.0273653 0.0271847 0.0269071 0.0265339 0.0260667 0.0255072 0.0248572 0.0241187 0.023294 0.0223857 0.0213965 0.0203297 0.0191886 0.0179771 0.0166994 0.0153599 
0.00329444 0.00451254 0.00570703 0.00687189 0.00800141 0.00909028 0.0101336 0.011127 0.0120665 0.0129486 0.0137703 0.0145293 0.0152234 0.0158511 0.0164112 0.0169029 0.0173257 0.0176792 0.0179637 0.0181792 0.0183261 0.018405 0.0184164 0.0183611 0.01824 0.0180537 0.0178033 0.0174899 0.0171144 0.0166783 0.0161828 0.0156294 0.01502 0.0143563 0.0136405 0.0128749 0.012062 0.0112047 0.0103059 
0.00165361 0.00226503 0.00286459 0.00344928 0.00401623 0.00456277 0.00508647 0.00558508 0.00605664 0.0064994 0.00691188 0.00729283 0.00764125 0.00795632 0.00823746 0.00848425 0.00869644 0.00887391 0.00901668 0.00912484 0.00919859 0.00923819 0.00924394 0.0092162 0.00915536 0.00906187 0.0089362 0.00877886 0.00859042 0.00837149 0.00812278 0.00784504 0.00753914 0.00720601 0.00684671 0.00646241 0.0060544 0.00562408 0.00517297 

0.000594249 0.000814658 0.00103173 0.00124458 0.00145235 0.00165419 0.0018493 0.00203689 0.00221623 0.0023866 0.00254734 0.00269784 0.00283751 0.00296584 0.00308236 0.00318662 0.00327828 0.003357 0.00342252 0.00347463 0.00351318 0.00353807 0.00354923 0.00354669 0.00353048 0.00350072 0.00345757 0.00340122 0.00333194 0.00325002 0.00315579 0.00304966 0.00293204 0.00280339 0.00266423 0.00251508 0.00235653 0.00218916 0.00201362 
0.00118467 0.00162406 0.00205681 0.00248114 0.00289534 0.00329773 0.00368668 0.00406066 0.00441817 0.00475781 0.00507826 0.00537828 0.00565674 0.00591257 0.00614484 0.00635271 0.00653542 0.00669235 0.00682298 0.00692687 0.00700372 0.00705333 0.00707559 0.00707051 0.0070382 0.00697888 0.00689285 0.00678052 0.0066424 0.00647908 0.00629125 0.00607966 0.00584517 0.00558871 0.00531128 0.00501395 0.00469786 0.00436422 0.00401427 
0.00176745 0.00242301 0.00306864 0.00370172 0.00431968 0.00492001 0.00550031 0.00605826 0.00659165 0.00709837 0.00757646 0.00802408 0.00843951 0.0088212 0.00916774 0.00947786 0.00975046 0.00998459 0.0101795 0.0103345 0.0104491 0.0105231 0.0105564 0.0105488 0.0105006 0.0104121 0.0102837 0.0101161 0.00991007 0.00966641 0.00938616 0.00907049 0.00872065 0.00833802 0.00792412 0.00748052 0.00700893 0.00651115 0.00598905 
0.00233886 0.00320635 0.00406071 0.00489846 0.0057162 0.00651062 0.00727853 0.00801686 0.00872268 0.00939323 0.0100259 0.0106182 0.011168 0.011673 0.0121316 0.012542 0.0129027 0.0132125 0.0134704 0.0136755 0.0138273 0.0139252 0.0139692 0.0139591 0.0138953 0.0137782 0.0136084 0.0133866 0.0131139 0.0127915 0.0124206 0.0120029 0.01154 0.0110337 0.0104859 0.00989892 0.00927487 0.00861616 0.00792527 
0.00289522 0.00396907 0.00502667 0.0060637 0.00707596 0.00805935 0.00900993 0.00992389 0.0107976 0.0116277 0.0124108 0.0131441 0.0138246 0.0144498 0.0150175 0.0155255 0.015972 0.0163555 0.0166748 0.0169287 0.0171165 0.0172377 0.0172921 0.0172797 0.0172007 0.0170558 0.0168455 0.016571 0.0162334 0.0158343 0.0153752 0.0148581 0.0142851 0.0136583 0.0129803 0.0122537 0.0114812 0.0106658 0.00981052 
0.00343299 0.0047063 0.00596033 0.00718999 0.00839027 0.00955632 0.0106835 0.0117672 0.0128032 0.0137874 0.014716 0.0155855 0.0163924 0.0171338 0.0178068 0.0184092 0.0189387 0.0193934 0.019772 0.020073 0.0202957 0.0204395 0.020504 0.0204893 0.0203957 0.0202238 0.0199745 0.0196489 0.0192487 0.0187754 0.0182311 0.0176179 0.0169384 0.0161953 0.0153913 0.0145297 0.0136137 0.0126468 0.0116328 
0.00394874 0.00541334 0.00685578 0.00827017 0.00965077 0.010992 0.0122885 0.013535 0.0147267 0.0158588 0.0169269 0.0179269 0.0188551 0.0197078 0.020482 0.0211749 0.0217839 0.022307 0.0227424 0.0230887 0.0233449 0.0235102 0.0235844 0.0235675 0.0234598 0.023262 0.0229753 0.0226009 0.0221405 0.0215961 0.02097 0.0202648 0.0194832 0.0186283 0.0177036 0.0167125 0.015659 0.0145468 0.0133804 
0.00443922 0.00608574 0.00770734 0.00929741 0.0108495 0.0123573 0.0138148 0.0152162 0.0165559 0.0178286 0.0190294 0.0201537 0.0211971 0.0221557 0.0230261 0.023805 0.0244897 0.0250778 0.0255672 0.0259566 0.0262445 0.0264304 0.0265138 0.0264948 0.0263737 0.0261514 0.0258291 0.0254082 0.0248906 0.0242786 0.0235747 0.0227819 0.0219032 0.0209422 0.0199026 0.0187884 0.017604 0.0163537 0.0150424 
0.00490134 0.00671926 0.00850967 0.0102653 0.0119789 0.0136437 0.015253 0.0168002 0.0182794 0.0196846 0.0210104 0.0222516 0.0234037 0.0244622 0.0254231 0.0262831 0.0270391 0.0276884 0.0282288 0.0286586 0.0289766 0.0291818 0.0292739 0.0292529 0.0291192 0.0288738 0.0285179 0.0280531 0.0274817 0.026806 0.0260288 0.0251534 0.0241833 0.0231222 0.0219744 0.0207443 0.0194365 0.0180561 0.0166083 
0.00533223 0.00730996 0.00925777 0.0111677 0.013032 0.0148432 0.0165939 0.0182772 0.0198863 0.0214151 0.0228574 0.0242078 0.0254611 0.0266127 0.0276581 0.0285937 0.0294161 0.0301225 0.0307104 0.0311781 0.031524 0.0317472 0.0318474 0.0318246 0.0316792 0.0314121 0.0310249 0.0305193 0.0298977 0.0291626 0.0283171 0.0273647 0.0263093 0.025155 0.0239062 0.022568 0.0211452 0.0196435 0.0180683 
0.00572922 0.0078542 0.00994702 0.0119992 0.0140023 0.0159483 0.0178293 0.0196379 0.0213669 0.0230094 0.0245592 0.0260101 0.0273568 0.028594 0.0297173 0.0307226 0.0316062 0.0323651 0.0329969 0.0334993 0.033871 0.0341109 0.0342185 0.034194 0.0340377 0.0337508 0.0333348 0.0327915 0.0321236 0.0313337 0.0304253 0.0294021 0.0282681 0.0270278 0.0256861 0.0242482 0.0227195 0.021106 0.0194136 
0.00608989 0.00834865 0.0105732 0.0127545 0.0148838 0.0169523 0.0189517 0.0208742 0.022712 0.024458 0.0261053 0.0276475 0.0290789 0.0303941 0.0315881 0.0326566 0.0335959 0.0344026 0.0350741 0.0356082 0.0360032 0.0362582 0.0363727 0.0363466 0.0361805 0.0358755 0.0354333 0.0348559 0.0341459 0.0333063 0.0323407 0.031253 0.0300476 0.0287293 0.0273031 0.0257747 0.0241498 0.0224346 0.0206357 
0.00641206 0.00879032 0.0111326 0.0134293 0.0156712 0.0178491 0.0199543 0.0219785 0.0239135 0.0257519 0.0274863 0.0291102 0.0306173 0.032002 0.0332592 0.0343843 0.0353732 0.0362226 0.0369297 0.037492 0.0379079 0.0381764 0.0382969 0.0382694 0.0380946 0.0377735 0.0373078 0.0366999 0.0359523 0.0350683 0.0340516 0.0329064 0.0316372 0.0302491 0.0287475 0.0271382 0.0254274 0.0236215 0.0217274 
0.00669383 0.0091766 0.0116218 0.0140194 0.0163598 0.0186334 0.0208312 0.0229443 0.0249644 0.0268835 0.0286942 0.0303894 0.0319628 0.0334083 0.0347207 0.0358953 0.0369277 0.0378144 0.0385525 0.0391395 0.0395737 0.039854 0.0399798 0.0399511 0.0397686 0.0394334 0.0389473 0.0383126 0.0375322 0.0366093 0.035548 0.0343524 0.0330275 0.0315784 0.0300108 0.0283308 0.0265448 0.0246595 0.0226822 
0.00693355 0.00950522 0.012038 0.0145215 0.0169457 0.0193007 0.0215772 0.023766 0.0258584 0.0278462 0.0297217 0.0314777 0.0331074 0.0346047 0.0359642 0.0371807 0.0382501 0.0391686 0.0399331 0.0405411 0.0409909 0.0412813 0.0414115 0.0413818 0.0411927 0.0408455 0.040342 0.0396846 0.0388762 0.0379204 0.036821 0.0355826 0.0342103 0.0327093 0.0310855 0.0293453 0.0274954 0.0255426 0.0234945 
0.00712985 0.00977433 0.0123788 0.0149326 0.0174254 0.0198472 0.0221881 0.0244388 0.0265905 0.0286346 0.0305632 0.0323689 0.0340447 0.0355844 0.0369824 0.0382334 0.039333 0.0402775 0.0410637 0.0416889 0.0421515 0.04245 0.042584 0.0425534 0.042359 0.0420019 0.0414842 0.0408082 0.0399769 0.038994 0.0378635 0.03659 0.0351788 0.0336353 0.0319656 0.0301762 0.0282738 0.0262658 0.0241596 
0.00728165 0.00998244 0.0126423 0.0152505 0.0177964 0.0202697 0.0226605 0.0249592 0.0271566 0.0292443 0.0312139 0.033058 0.0347696 0.0363421 0.0377697 0.0390474 0.0401705 0.0411351 0.0419379 0.0425765 0.0430489 0.0433538 0.0434906 0.0434594 0.0432608 0.0428962 0.0423674 0.041677 0.040828 0.0398242 0.0386696 0.0373691 0.0359278 0.0343514 0.0326462 0.0308186 0.0288758 0.026825 0.024674 
0.00738816 0.0101284 0.0128273 0.0154736 0.0180567 0.0205662 0.0229919 0.0253242 0.0275538 0.029672 0.0316705 0.0335416 0.0352781 0.0368736 0.0383222 0.0396185 0.040758 0.0417367 0.0425514 0.0431993 0.0436786 0.0439879 0.0441268 0.0440951 0.0438936 0.0435236 0.0429871 0.0422866 0.0414252 0.0404067 0.0392352 0.0379157 0.0364533 0.0348539 0.0331237 0.0312694 0.0292981 0.0272174 0.0250349 
0.00744887 0.0102117 0.0129327 0.0156008 0.0182051 0.0207352 0.0231809 0.0255323 0.0277803 0.0299158 0.0319307 0.0338172 0.035568 0.0371766 0.0386371 0.0399441 0.0410929 0.0420797 0.042901 0.0435543 0.0440375 0.0443494 0.0444894 0.0444574 0.0442543 0.0438813 0.0433404 0.0426341 0.0417656 0.0407387 0.0395576 0.0382272 0.0367528 0.0351403 0.0333959 0.0315264 0.0295389 0.027441 0.0252406 
0.00746356 0.0102318 0.0129582 0.0156315 0.018241 0.0207761 0.0232266 0.0255827 0.027835 0.0299748 0.0319937 0.0338839 0.0356382 0.0372499 0.0387133 0.0400228 0.041174 0.0421627 0.0429856 0.0436402 0.0441243 0.0444368 0.0445771 0.0445451 0.0443416 0.0439678 0.0434258 0.0427181 0.041848 0.040819 0.0396356 0.0383026 0.0368253 0.0352096 0.0334617 0.0315885 0.0295971 0.0274951 0.0252904 
0.00743229 0.0101889 0.0129039 0.015566 0.0181646 0.0206891 0.0231293 0.0254755 0.0277184 0.0298492 0.0318597 0.0337419 0.0354889 0.0370939 0.0385511 0.0398552 0.0410015 0.041986 0.0428055 0.0434573 0.0439395 0.0442507 0.0443903 0.0443585 0.0441558 0.0437836 0.0432439 0.0425392 0.0416727 0.040648 0.0394696 0.0381421 0.036671 0.0350621 0.0333216 0.0314562 0.0294731 0.0273799 0.0251844 
0.00735541 0.0100836 0.0127704 0.015405 0.0179767 0.020475 0.02289 0.025212 0.0274317 0.0295405 0.0315301 0.0333929 0.0351218 0.0367102 0.0381523 0.0394429 0.0405774 0.0415517 0.0423627 0.0430078 0.043485 0.043793 0.0439312 0.0438996 0.043699 0.0433307 0.0427966 0.0420992 0.0412416 0.0402276 0.0390613 0.0377476 0.0362917 0.0346994 0.0329769 0.0311308 0.0291683 0.0270967 0.0249239 
0.00723354 0.00991648 0.0125588 0.0151498 0.0176788 0.0201358 0.0225107 0.0247942 0.0269772 0.029051 0.0310077 0.0328396 0.0345398 0.0361019 0.0375202 0.0387894 0.039905 0.0408633 0.0416608 0.0422952 0.0427644 0.0430673 0.0432033 0.0431722 0.042975 0.0426128 0.0420875 0.0414016 0.0405583 0.039561 0.0384141 0.0371222 0.0356904 0.0341245 0.0324305 0.030615 0.028685 0.0266477 0.024511 
0.00706755 0.00968893 0.0122706 0.0148021 0.0172732 0.0196738 0.0219942 0.0242253 0.0263582 0.0283844 0.0302962 0.0320861 0.0337473 0.0352735 0.0366592 0.0378993 0.0389894 0.0399256 0.0407049 0.0413247 0.0417832 0.0420791 0.0422119 0.0421816 0.0419889 0.041635 0.0411217 0.0404516 0.0396276 0.0386533 0.0375326 0.0362703 0.0348714 0.0333414 0.0316863 0.0299125 0.0280268 0.0260363 0.0239485 
0.00685861 0.00940249 0.0119079 0.0143645 0.0167625 0.0190921 0.021344 0.0235091 0.0255789 0.0275453 0.0294005 0.0311375 0.0327496 0.0342307 0.0355754 0.0367789 0.0378367 0.0387452 0.0395015 0.040103 0.0405479 0.0408351 0.040964 0.0409346 0.0407475 0.0404041 0.039906 0.0392557 0.038456 0.0375105 0.036423 0.035198 0.0338405 0.0323557 0.0307495 0.0290282 0.0271982 0.0252665 0.0232405 
0.00660809 0.00905905 0.0114729 0.0138399 0.0161502 0.0183948 0.0205644 0.0226504 0.0246446 0.0265391 0.0283266 0.0300001 0.0315533 0.0329804 0.034276 0.0354355 0.0364547 0.03733 0.0380586 0.0386382 0.0390668 0.0393435 0.0394677 0.0394394 0.0392592 0.0389283 0.0384484 0.0378218 0.0370514 0.0361404 0.0350926 0.0339124 0.0326044 0.0311739 0.0296264 0.0279679 0.0262047 0.0243436 0.0223916 
0.00631763 0.00866086 0.0109686 0.0132315 0.0154404 0.0175862 0.0196605 0.0216548 0.0235614 0.0253726 0.0270815 0.0286815 0.0301664 0.0315307 0.0327694 0.0338779 0.0348523 0.0356892 0.0363858 0.0369398 0.0373497 0.0376142 0.0377329 0.0377058 0.0375335 0.0372172 0.0367584 0.0361594 0.0354228 0.0345519 0.0335501 0.0324218 0.0311713 0.0298037 0.0283242 0.0267386 0.0250529 0.0232736 0.0214074 
0.00598909 0.00821047 0.0103982 0.0125434 0.0146374 0.0166717 0.018638 0.0205287 0.0223361 0.0240531 0.0256732 0.0271899 0.0285977 0.029891 0.0310653 0.0321161 0.0330398 0.0338332 0.0344936 0.0350188 0.0354073 0.0356581 0.0357707 0.035745 0.0355817 0.0352817 0.0348468 0.034279 0.0335807 0.032755 0.0318054 0.0307357 0.0295503 0.0282538 0.0268512 0.0253481 0.0237501 0.0220633 0.0202942 
0.00562454 0.0077107 0.00976528 0.0117799 0.0137464 0.0156569 0.0175036 0.0192791 0.0209765 0.022589 0.0241105 0.0255349 0.0268569 0.0280716 0.0291743 0.0301612 0.0310287 0.0317738 0.032394 0.0328872 0.0332521 0.0334876 0.0335933 0.0335692 0.0334158 0.0331342 0.0327257 0.0321924 0.0315366 0.0307612 0.0298694 0.0288649 0.0277516 0.026534 0.0252168 0.0238051 0.0223044 0.0207203 0.0190589 
0.00522624 0.00716467 0.00907377 0.0109457 0.012773 0.0145481 0.0162641 0.0179139 0.0194911 0.0209894 0.0224031 0.0237267 0.0249551 0.0260837 0.0271084 0.0280254 0.0288315 0.0295238 0.0301 0.0305584 0.0308974 0.0311162 0.0312144 0.031192 0.0310495 0.0307878 0.0304083 0.0299127 0.0293034 0.0285829 0.0277543 0.0268208 0.0257864 0.024655 0.0234311 0.0221194 0.0207249 0.019253 0.0177092 
0.00479666 0.00657576 0.00832793 0.010046 0.0117231 0.0133523 0.0149272 0.0164414 0.017889 0.0192642 0.0205616 0.0217764 0.0229039 0.0239397 0.0248802 0.0257218 0.0264616 0.027097 0.0276259 0.0280466 0.0283577 0.0285586 0.0286487 0.0286281 0.0284973 0.0282571 0.0279088 0.027454 0.0268948 0.0262335 0.0254729 0.0246162 0.0236668 0.0226284 0.0215051 0.0203012 0.0190214 0.0176705 0.0162536 
0.00433842 0.00594756 0.00753234 0.00908631 0.0106032 0.0120767 0.0135012 0.0148707 0.01618 0.0174238 0.0185973 0.0196961 0.0207158 0.0216527 0.0225033 0.0232645 0.0239337 0.0245084 0.0249867 0.0253672 0.0256486 0.0258303 0.0259118 0.0258932 0.0257749 0.0255577 0.0252426 0.0248312 0.0243254 0.0237273 0.0230394 0.0222646 0.0214059 0.0204667 0.0194507 0.0183618 0.0172042 0.0159824 0.0147008 
0.00385431 0.00528389 0.00669183 0.00807239 0.00941998 0.0107291 0.0119946 0.0132113 0.0143745 0.0154795 0.0165221 0.0174982 0.0184042 0.0192365 0.0199922 0.0206685 0.021263 0.0217735 0.0221985 0.0225365 0.0227866 0.022948 0.0230204 0.0230039 0.0228988 0.0227057 0.0224259 0.0220604 0.021611 0.0210797 0.0204685 0.0197801 0.0190172 0.0181828 0.0172802 0.0163129 0.0152845 0.014199 0.0130604 
0.00334725 0.00458875 0.00581147 0.00701041 0.00818071 0.00931764 0.0104166 0.0114733 0.0124834 0.0134431 0.0143485 0.0151962 0.015983 0.0167058 0.0173621 0.0179494 0.0184657 0.0189091 0.0192781 0.0195717 0.0197888 0.019929 0.0199919 0.0199775 0.0198863 0.0197186 0.0194756 0.0191582 0.0187679 0.0183065 0.0177758 0.0171779 0.0165154 0.0157908 0.0150069 0.0141668 0.0132737 0.012331 0.0113422 
0.00282028 0.00386633 0.00489655 0.00590674 0.0068928 0.00785074 0.00877671 0.00966702 0.0105181 0.0113267 0.0120896 0.0128038 0.0134667 0.0140758 0.0146287 0.0151236 0.0155586 0.0159322 0.0162431 0.0164905 0.0166734 0.0167915 0.0168445 0.0168324 0.0167555 0.0166143 0.0164095 0.0161421 0.0158133 0.0154244 0.0149773 0.0144736 0.0139153 0.0133048 0.0126443 0.0119365 0.011184 0.0103897 0.00955658 
0.00227656 0.00312095 0.00395256 0.00476799 0.00556395 0.00633721 0.00708467 0.00780333 0.00849036 0.00914304 0.00975885 0.0103354 0.0108705 0.0113621 0.0118085 0.0122079 0.0125591 0.0128606 0.0131116 0.0133113 0.013459 0.0135543 0.0135971 0.0135873 0.0135252 0.0134112 0.0132459 0.0130301 0.0127646 0.0124508 0.0120898 0.0116832 0.0112326 0.0107398 0.0102066 0.00963526 0.00902784 0.00838667 0.00771418 
0.00171934 0.00235705 0.0029851 0.00360095 0.00420208 0.00478607 0.00535058 0.00589334 0.0064122 0.00690514 0.00737021 0.00780564 0.00820976 0.00858106 0.00891817 0.00921984 0.00948502 0.00971278 0.00990236 0.0100531 0.0101647 0.0102367 0.010269 0.0102616 0.0102147 0.0101286 0.0100038 0.00984074 0.00964029 0.00940326 0.00913064 0.00882356 0.00848324 0.00811104 0.0077084 0.00727687 0.00681813 0.0063339 0.00582601 
0.00115192 0.00157917 0.00199995 0.00241255 0.0028153 0.00320656 0.00358476 0.0039484 0.00429603 0.00462628 0.00493787 0.0052296 0.00550035 0.00574912 0.00597497 0.00617708 0.00635475 0.00650734 0.00663435 0.00673537 0.0068101 0.00685834 0.00687998 0.00687504 0.00684363 0.00678594 0.00670229 0.00659307 0.00645877 0.00629997 0.00611732 0.00591158 0.00568358 0.00543421 0.00516445 0.00487534 0.00456799 0.00424357 0.00390329 
0.00057767 0.000791929 0.00100295 0.00120986 0.00141183 0.00160804 0.00179771 0.00198007 0.0021544 0.00232001 0.00247627 0.00262257 0.00275835 0.0028831 0.00299636 0.00309772 0.00318681 0.00326334 0.00332703 0.00337769 0.00341517 0.00343936 0.00345021 0.00344773 0.00343198 0.00340305 0.0033611 0.00330633 0.00323898 0.00315934 0.00306775 0.00296457 0.00285023 0.00272518 0.0025899 0.00244491 0.00229078 0.00212809 0.00195744 

2.83485e-05 3.88692e-05 4.92392e-05 5.9418e-05 6.93664e-05 7.90457e-05 8.84183e-05 9.7448e-05 0.0001061 0.00011434 0.000122136 0.000129459 0.00013628 0.000142572 0.000148312 0.000153476 0.000158046 0.000162002 0.000165331 0.000168018 0.000170055 0.000171432 0.000172145 0.000172191 0.000171569 0.000170283 0.000168337 0.000165738 0.000162498 0.000158628 0.000154143 0.000149062 0.000143403 0.000137189 0.000130443 0.000123193 0.000115465 0.00010729 9.86993e-05 
5.65223e-05 7.74988e-05 9.81747e-05 0.00011847 0.000138305 0.000157604 0.000176291 0.000194295 0.000211545 0.000227974 0.000243519 0.00025812 0.00027172 0.000284266 0.000295709 0.000306006 0.000315117 0.000323006 0.000329642 0.000335001 0.000339061 0.000341807 0.000343228 0.000343319 0.00034208 0.000339515 0.000335635 0.000330454 0.000323994 0.000316278 0.000307336 0.000297205 0.000285922 0.000273532 0.000260082 0.000245626 0.000230218 0.000213918 0.00019679 
8.43474e-05 0.00011565 0.000146505 0.000176791 0.000206391 0.00023519 0.000263077 0.000289944 0.000315686 0.000340203 0.000363401 0.000385189 0.000405484 0.000424206 0.000441283 0.000456649 0.000470245 0.000482017 0.000491921 0.000499918 0.000505976 0.000510074 0.000512195 0.000512331 0.000510482 0.000506654 0.000500864 0.000493133 0.000483491 0.000471977 0.000458634 0.000443515 0.000426678 0.000408188 0.000388118 0.000366544 0.000343551 0.000319227 0.000293667 
0.000111653 0.000153089 0.000193932 0.000234022 0.000273204 0.000311327 0.000348241 0.000383805 0.00041788 0.000450334 0.000481042 0.000509884 0.000536748 0.000561531 0.000584136 0.000604476 0.000622473 0.000638056 0.000651166 0.000661752 0.000669772 0.000675196 0.000678004 0.000678184 0.000675736 0.000670669 0.000663004 0.000652771 0.000640008 0.000624766 0.000607104 0.00058709 0.000564803 0.000540327 0.000513759 0.000485202 0.000454765 0.000422568 0.000388734 
0.000138269 0.000189584 0.000240163 0.00028981 0.000338333 0.000385543 0.000431258 0.000475299 0.000517498 0.000557688 0.000595716 0.000631434 0.000664702 0.000695393 0.000723387 0.000748576 0.000770863 0.000790161 0.000806396 0.000819505 0.000829437 0.000836155 0.000839632 0.000839855 0.000836823 0.000830549 0.000821056 0.000808383 0.000792578 0.000773703 0.00075183 0.000727045 0.000699444 0.000669135 0.000636233 0.000600868 0.000563176 0.000523303 0.000481403 
0.000164033 0.000224909 0.000284913 0.000343811 0.000401375 0.000457382 0.000511615 0.000563863 0.000613924 0.000661604 0.000706717 0.00074909 0.000788557 0.000824967 0.000858177 0.00088806 0.0009145 0.000937394 0.000956654 0.000972205 0.000983988 0.000991957 0.000996082 0.000996346 0.00099275 0.000985307 0.000974046 0.000959011 0.000940261 0.000917868 0.00089192 0.000862517 0.000829774 0.000793816 0.000754784 0.000712829 0.000668114 0.000620811 0.000571104 
0.000188786 0.000258848 0.000327906 0.000395691 0.000461942 0.000526401 0.000588817 0.00064895 0.000706565 0.000761439 0.000813361 0.000862127 0.00090755 0.000949454 0.000987676 0.00102207 0.0010525 0.00107885 0.00110101 0.00111891 0.00113247 0.00114164 0.00114639 0.00114669 0.00114256 0.00113399 0.00112103 0.00110373 0.00108215 0.00105637 0.00102651 0.000992671 0.000954986 0.000913602 0.000868681 0.000820395 0.000768932 0.000714491 0.000657283 
0.000212374 0.00029119 0.000368877 0.000445132 0.000519661 0.000592174 0.000662389 0.000730035 0.000794849 0.00085658 0.000914989 0.000969848 0.00102095 0.00106809 0.00111108 0.00114977 0.001184 0.00121365 0.00123858 0.00125872 0.00127397 0.00128429 0.00128963 0.00128997 0.00128532 0.00127568 0.0012611 0.00124163 0.00121736 0.00118837 0.00115477 0.0011167 0.00107431 0.00102776 0.000977221 0.000922902 0.000865008 0.000803765 0.00073941 
0.000234653 0.000321737 0.000407574 0.000491829 0.000574176 0.000654295 0.000731876 0.000806618 0.000878232 0.000946439 0.00101097 0.00107159 0.00112805 0.00118013 0.00122764 0.00127039 0.00130821 0.00134096 0.00136851 0.00139076 0.00140762 0.00141902 0.00142492 0.0014253 0.00142015 0.0014095 0.00139339 0.00137189 0.00134506 0.00131303 0.00127591 0.00123385 0.00118701 0.00113557 0.00107974 0.00101972 0.000955751 0.000888083 0.000816977 
0.000255485 0.000350301 0.000443757 0.000535492 0.00062515 0.000712382 0.000796851 0.000878228 0.000956199 0.00103046 0.00110073 0.00116672 0.00122819 0.0012849 0.00133663 0.00138317 0.00142435 0.00146001 0.00149001 0.00151423 0.00153258 0.00154499 0.00155142 0.00155183 0.00154623 0.00153464 0.0015171 0.00149368 0.00146448 0.0014296 0.00138918 0.00134339 0.00129239 0.00123638 0.00117559 0.00111025 0.0010406 0.000966926 0.000889506 
0.000274742 0.000376704 0.000477204 0.000575854 0.000672269 0.000766076 0.000856912 0.000944423 0.00102827 0.00110813 0.00118369 0.00125466 0.00132077 0.00138175 0.00143737 0.00148743 0.00153171 0.00157006 0.00160231 0.00162836 0.0016481 0.00166144 0.00166835 0.0016688 0.00166277 0.00165031 0.00163144 0.00160626 0.00157486 0.00153735 0.00149389 0.00144464 0.0013898 0.00132957 0.0012642 0.00119393 0.00111903 0.00103981 0.000956551 
0.000292304 0.000400784 0.000507709 0.000612665 0.000715243 0.000815047 0.000911689 0.00100479 0.001094 0.00117897 0.00125936 0.00133487 0.0014052 0.00147008 0.00152926 0.00158251 0.00162962 0.00167042 0.00170474 0.00173245 0.00175345 0.00176765 0.001775 0.00177547 0.00176906 0.0017558 0.00173573 0.00170894 0.00167553 0.00163563 0.00158939 0.00153699 0.00147864 0.00141457 0.00134501 0.00127025 0.00119057 0.00110627 0.0010177 
0.000308064 0.000422393 0.000535084 0.000645698 0.000753807 0.000858992 0.000960845 0.00105897 0.00115299 0.00124253 0.00132726 0.00140684 0.00148096 0.00154934 0.00161171 0.00166783 0.00171749 0.00176048 0.00179666 0.00182586 0.00184799 0.00186296 0.0018707 0.0018712 0.00186445 0.00185047 0.00182932 0.00180108 0.00176587 0.00172381 0.00167508 0.00161986 0.00155837 0.00149084 0.00141753 0.00133874 0.00125476 0.00116592 0.00107257 
0.000321925 0.000441398 0.000559159 0.00067475 0.000787723 0.000897641 0.00100408 0.00110662 0.00120486 0.00129844 0.00138698 0.00147014 0.00154759 0.00161905 0.00168423 0.00174287 0.00179476 0.00183969 0.00187749 0.00190801 0.00193114 0.00194678 0.00195487 0.00195539 0.00194833 0.00193373 0.00191163 0.00188212 0.00184532 0.00180137 0.00175045 0.00169274 0.00162848 0.00155791 0.00148131 0.00139897 0.00131121 0.00121838 0.00112083 
0.000333801 0.000457681 0.000579786 0.000699641 0.000816782 0.000930755 0.00104112 0.00114744 0.00124931 0.00134634 0.00143814 0.00152437 0.00160468 0.00167878 0.00174636 0.00180717 0.00186097 0.00190756 0.00194675 0.0019784 0.00200238 0.0020186 0.00202699 0.00202753 0.00202021 0.00200506 0.00198215 0.00195155 0.00191339 0.00186783 0.00181502 0.00175519 0.00168856 0.00161539 0.00153596 0.00145058 0.00135959 0.00126333 0.00116217 
0.000343619 0.000471143 0.000596839 0.000720219 0.000840806 0.00095813 0.00107174 0.00118119 0.00128606 0.00138594 0.00148044 0.0015692 0.00165188 0.00172815 0.00179772 0.00186032 0.00191571 0.00196367 0.00200401 0.00203659 0.00206127 0.00207797 0.00208661 0.00208716 0.00207963 0.00206403 0.00204044 0.00200895 0.00196967 0.00192276 0.00186841 0.00180681 0.00173822 0.0016629 0.00158113 0.00149324 0.00139957 0.00130048 0.00119636 
0.000351318 0.000481699 0.000610211 0.000736356 0.000859645 0.000979598 0.00109575 0.00120765 0.00131487 0.00141699 0.00151361 0.00160436 0.00168889 0.00176687 0.001838 0.001902 0.00195863 0.00200766 0.00204891 0.00208222 0.00210746 0.00212452 0.00213336 0.00213393 0.00212622 0.00211028 0.00208616 0.00205396 0.0020138 0.00196584 0.00191027 0.0018473 0.00177717 0.00170016 0.00161656 0.0015267 0.00143093 0.00132962 0.00122316 
0.000356851 0.000489286 0.000619822 0.000747954 0.000873183 0.000995026 0.00111301 0.00122667 0.00133558 0.00143931 0.00153745 0.00162963 0.00171549 0.0017947 0.00186695 0.00193196 0.00198948 0.00203928 0.00208118 0.00211501 0.00214065 0.00215798 0.00216696 0.00216753 0.00215971 0.00214352 0.00211902 0.00208631 0.00204552 0.00199681 0.00194036 0.00187639 0.00180516 0.00172693 0.00164202 0.00155075 0.00145347 0.00135056 0.00124243 
0.000360184 0.000493855 0.000625611 0.000754939 0.000881339 0.00100432 0.0011234 0.00123813 0.00134805 0.00145275 0.00155181 0.00164485 0.00173151 0.00181146 0.00188438 0.00195 0.00200806 0.00205833 0.00210062 0.00213477 0.00216064 0.00217814 0.0021872 0.00218778 0.00217988 0.00216354 0.00213881 0.0021058 0.00206462 0.00201545 0.00195848 0.00189391 0.00182202 0.00174306 0.00165735 0.00156523 0.00146704 0.00136318 0.00125403 
0.000361296 0.00049538 0.000627543 0.00075727 0.00088406 0.00100742 0.00112687 0.00124195 0.00135222 0.00145723 0.0015566 0.00164993 0.00173686 0.00181706 0.0018902 0.00195602 0.00201426 0.00206468 0.00210711 0.00214136 0.00216731 0.00218487 0.00219395 0.00219453 0.00218661 0.00217022 0.00214541 0.0021123 0.002071 0.00202168 0.00196453 0.00189976 0.00182764 0.00174844 0.00166247 0.00157006 0.00147157 0.00136739 0.0012579 
0.000360181 0.000493851 0.000625605 0.000754933 0.000881331 0.00100431 0.00112339 0.00123812 0.00134804 0.00145274 0.0015518 0.00164484 0.0017315 0.00181145 0.00188437 0.00194998 0.00200804 0.00205831 0.0021006 0.00213475 0.00216062 0.00217812 0.00218718 0.00218776 0.00217986 0.00216352 0.00213879 0.00210578 0.00206461 0.00201544 0.00195846 0.0018939 0.001822 0.00174305 0.00165734 0.00156522 0.00146703 0.00136316 0.00125402 
0.000356845 0.000489277 0.000619811 0.00074794 0.000873168 0.000995009 0.00111299 0.00122665 0.00133556 0.00143928 0.00153742 0.0016296 0.00171546 0.00179467 0.00186692 0.00193192 0.00198944 0.00203925 0.00208115 0.00211498 0.00214061 0.00215795 0.00216692 0.0021675 0.00215967 0.00214348 0.00211898 0.00208627 0.00204548 0.00199677 0.00194032 0.00187636 0.00180513 0.0017269 0.00164199 0.00155072 0.00145344 0.00135054 0.0012424 
0.000351309 0.000481687 0.000610196 0.000736337 0.000859622 0.000979572 0.00109572 0.00120762 0.00131484 0.00141695 0.00151357 0.00160432 0.00168885 0.00176683 0.00183795 0.00190195 0.00195858 0.00200761 0.00204886 0.00208217 0.0021074 0.00212447 0.0021333 0.00213387 0.00212617 0.00211023 0.00208611 0.00205391 0.00201375 0.00196579 0.00191022 0.00184725 0.00177712 0.00170011 0.00161652 0.00152666 0.0014309 0.00132959 0.00122313 
0.000343607 0.000471126 0.000596818 0.000720194 0.000840777 0.000958097 0.0010717 0.00118115 0.00128601 0.00138589 0.00148039 0.00156915 0.00165182 0.00172809 0.00179766 0.00186026 0.00191564 0.0019636 0.00200394 0.00203652 0.0020612 0.00207789 0.00208653 0.00208709 0.00207955 0.00206396 0.00204037 0.00200888 0.0019696 0.0019227 0.00186834 0.00180675 0.00173816 0.00166284 0.00158108 0.00149319 0.00139953 0.00130044 0.00119631 
0.000333787 0.000457662 0.000579761 0.000699612 0.000816748 0.000930715 0.00104107 0.00114739 0.00124926 0.00134628 0.00143808 0.0015243 0.00160462 0.0016787 0.00174628 0.00180709 0.00186089 0.00190748 0.00194667 0.00197832 0.00200229 0.00201851 0.0020269 0.00202744 0.00202012 0.00200498 0.00198206 0.00195147 0.00191331 0.00186775 0.00181495 0.00175511 0.00168849 0.00161532 0.00153589 0.00145052 0.00135953 0.00126327 0.00116212 
0.000321909 0.000441376 0.00055913 0.000674716 0.000787683 0.000897595 0.00100403 0.00110656 0.0012048 0.00129837 0.00138691 0.00147006 0.00154751 0.00161897 0.00168414 0.00174278 0.00179467 0.0018396 0.0018774 0.00190792 0.00193104 0.00194668 0.00195477 0.00195529 0.00194824 0.00193363 0.00191153 0.00188202 0.00184523 0.00180128 0.00175036 0.00169266 0.0016284 0.00155783 0.00148124 0.0013989 0.00131115 0.00121832 0.00112077 
0.000308046 0.000422369 0.000535052 0.00064566 0.000753763 0.000858942 0.000960789 0.00105891 0.00115292 0.00124246 0.00132718 0.00140676 0.00148087 0.00154925 0.00161162 0.00166773 0.00171739 0.00176038 0.00179655 0.00182576 0.00184788 0.00186285 0.0018706 0.00187109 0.00186434 0.00185036 0.00182921 0.00180098 0.00176577 0.00172371 0.00167498 0.00161977 0.00155828 0.00149075 0.00141745 0.00133866 0.00125469 0.00116585 0.00107251 
0.000292285 0.000400758 0.000507676 0.000612624 0.000715196 0.000814993 0.000911629 0.00100473 0.00109393 0.00117889 0.00125928 0.00133478 0.0014051 0.00146998 0.00152916 0.0015824 0.00162952 0.00167031 0.00170463 0.00173234 0.00175333 0.00176753 0.00177488 0.00177536 0.00176895 0.00175568 0.00173562 0.00170883 0.00167542 0.00163552 0.00158928 0.00153689 0.00147855 0.00141447 0.00134492 0.00127017 0.00119049 0.0011062 0.00101763 
0.000274722 0.000376676 0.00047717 0.000575812 0.00067222 0.000766021 0.000856849 0.000944354 0.0010282 0.00110805 0.00118361 0.00125457 0.00132067 0.00138165 0.00143727 0.00148732 0.0015316 0.00156994 0.0016022 0.00162824 0.00164798 0.00166132 0.00166823 0.00166868 0.00166265 0.00165019 0.00163133 0.00160615 0.00157474 0.00153724 0.00149378 0.00144454 0.0013897 0.00132948 0.00126411 0.00119384 0.00111895 0.00103973 0.000956481 
0.000255465 0.000350273 0.000443722 0.00053545 0.0006251 0.000712326 0.000796788 0.000878159 0.000956124 0.00103038 0.00110064 0.00116663 0.0012281 0.0012848 0.00133652 0.00138306 0.00142424 0.00145989 0.00148989 0.00151411 0.00153246 0.00154487 0.0015513 0.00155171 0.00154611 0.00153451 0.00151698 0.00149356 0.00146436 0.00142949 0.00138907 0.00134328 0.00129229 0.00123629 0.0011755 0.00111016 0.00104052 0.000966849 0.000889436 
0.000234633 0.00032171 0.000407539 0.000491787 0.000574127 0.000654239 0.000731814 0.00080655 0.000878157 0.000946358 0.00101089 0.0010715 0.00112795 0.00118003 0.00122754 0.00127028 0.0013081 0.00134085 0.0013684 0.00139064 0.0014075 0.0014189 0.0014248 0.00142517 0.00142003 0.00140938 0.00139328 0.00137177 0.00134495 0.00131292 0.0012758 0.00123374 0.00118691 0.00113547 0.00107964 0.00101963 0.00095567 0.000888008 0.000816907 
0.000212355 0.000291164 0.000368844 0.000445092 0.000519614 0.00059212 0.000662329 0.000729969 0.000794777 0.000856502 0.000914906 0.000969761 0.00102085 0.00106799 0.00111098 0.00114967 0.0011839 0.00121354 0.00123847 0.0012586 0.00127386 0.00128417 0.00128951 0.00128986 0.0012852 0.00127556 0.00126099 0.00124152 0.00121725 0.00118826 0.00115467 0.0011166 0.00107421 0.00102766 0.000977133 0.000922818 0.00086493 0.000803693 0.000739343 
0.000188768 0.000258823 0.000327874 0.000395654 0.000461898 0.000526351 0.000588761 0.000648888 0.000706498 0.000761367 0.000813283 0.000862045 0.000907464 0.000949363 0.000987582 0.00102197 0.0010524 0.00107874 0.00110091 0.0011188 0.00113236 0.00114153 0.00114628 0.00114659 0.00114245 0.00113388 0.00112092 0.00110362 0.00108204 0.00105627 0.00102641 0.000992576 0.000954895 0.000913515 0.000868598 0.000820317 0.000768858 0.000714423 0.000657221 
0.000164017 0.000224887 0.000284884 0.000343776 0.000401335 0.000457336 0.000511564 0.000563807 0.000613863 0.000661538 0.000706647 0.000749015 0.000788479 0.000824885 0.000858092 0.000887972 0.000914409 0.0009373 0.000956558 0.000972108 0.00098389 0.000991859 0.000995983 0.000996247 0.000992651 0.000985209 0.000973949 0.000958915 0.000940167 0.000917777 0.000891831 0.000862431 0.000829691 0.000793737 0.000754709 0.000712758 0.000668047 0.000620749 0.000571047 
0.000138255 0.000189564 0.000240138 0.00028978 0.000338298 0.000385503 0.000431213 0.00047525 0.000517444 0.000557631 0.000595655 0.000631368 0.000664633 0.000695321 0.000723312 0.000748499 0.000770783 0.00079008 0.000806313 0.00081942 0.000829352 0.000836069 0.000839545 0.000839768 0.000836737 0.000830463 0.000820972 0.0008083 0.000792496 0.000773623 0.000751752 0.00072697 0.000699372 0.000669066 0.000636168 0.000600806 0.000563118 0.000523249 0.000481353 
0.000111641 0.000153073 0.000193911 0.000233997 0.000273175 0.000311293 0.000348204 0.000383764 0.000417836 0.000450286 0.000480991 0.000509829 0.000536691 0.000561471 0.000584074 0.000604412 0.000622407 0.000637989 0.000651097 0.000661681 0.000669701 0.000675125 0.000677932 0.000678112 0.000675664 0.000670598 0.000662934 0.000652701 0.00063994 0.0006247 0.000607039 0.000587028 0.000564742 0.00054027 0.000513705 0.00048515 0.000454717 0.000422523 0.000388692 
8.43383e-05 0.000115638 0.000146489 0.000176772 0.000206369 0.000235165 0.000263049 0.000289912 0.000315652 0.000340166 0.000363362 0.000385148 0.00040544 0.00042416 0.000441235 0.0004566 0.000470194 0.000481965 0.000491867 0.000499863 0.000505922 0.000510019 0.00051214 0.000512276 0.000510426 0.000506599 0.00050081 0.000493079 0.000483439 0.000471926 0.000458584 0.000443467 0.000426631 0.000408144 0.000388075 0.000366504 0.000343513 0.000319192 0.000293635 
5.6516e-05 7.74903e-05 9.81639e-05 0.000118457 0.00013829 0.000157587 0.000176272 0.000194274 0.000211522 0.000227949 0.000243493 0.000258092 0.00027169 0.000284234 0.000295677 0.000305973 0.000315082 0.00032297 0.000329606 0.000334964 0.000339024 0.000341769 0.00034319 0.000343282 0.000342042 0.000339478 0.000335598 0.000330418 0.000323958 0.000316243 0.000307302 0.000297172 0.00028589 0.000273502 0.000260054 0.000245598 0.000230192 0.000213894 0.000196768 
2.83454e-05 3.88649e-05 4.92337e-05 5.94114e-05 6.93587e-05 7.90369e-05 8.84085e-05 9.74371e-05 0.000106088 0.000114327 0.000122123 0.000129445 0.000136265 0.000142557 0.000148295 0.000153459 0.000158028 0.000161984 0.000165312 0.000168 0.000170036 0.000171413 0.000172126 0.000172171 0.00017155 0.000170264 0.000168318 0.00016572 0.00016248 0.00015861 0.000154126 0.000149045 0.000143387 0.000137174 0.000130429 0.000123179 0.000115452 0.000107278 9.86883e-05 

1.8707e-07 2.56496e-07 3.24928e-07 3.92101e-07 4.57755e-07 5.21634e-07 5.83492e-07 6.43088e-07 7.00192e-07 7.54583e-07 8.06049e-07 8.54391e-07 8.99422e-07 9.40967e-07 9.78865e-07 1.01297e-06 1.04315e-06 1.06929e-06 1.09128e-06 1.10904e-06 1.12251e-06 1.13162e-06 1.13635e-06 1.13667e-06 1.13259e-06 1.12412e-06 1.1113e-06 1.09417e-06 1.07279e-06 1.04726e-06 1.01767e-06 9.84137e-07 9.4679e-07 9.05772e-07 8.61245e-07 8.1338e-07 7.62362e-07 7.0839e-07 6.51673e-07 
3.72987e-07 5.11411e-07 6.47854e-07 7.81785e-07 9.12687e-07 1.04005e-06 1.16339e-06 1.28221e-06 1.39607e-06 1.50451e-06 1.60713e-06 1.70351e-06 1.7933e-06 1.87613e-06 1.9517e-06 2.0197e-06 2.07987e-06 2.13198e-06 2.17583e-06 2.21124e-06 2.23809e-06 2.25626e-06 2.26569e-06 2.26634e-06 2.25821e-06 2.24132e-06 2.21575e-06 2.18159e-06 2.13897e-06 2.08807e-06 2.02907e-06 1.96221e-06 1.88774e-06 1.80596e-06 1.71718e-06 1.62174e-06 1.52002e-06 1.41241e-06 1.29933e-06 
5.56604e-07 7.63173e-07 9.66785e-07 1.16665e-06 1.36199e-06 1.55206e-06 1.73611e-06 1.91343e-06 2.08334e-06 2.24517e-06 2.3983e-06 2.54213e-06 2.67612e-06 2.79973e-06 2.91249e-06 3.01397e-06 3.10376e-06 3.18153e-06 3.24696e-06 3.29981e-06 3.33988e-06 3.367e-06 3.38107e-06 3.38203e-06 3.36989e-06 3.34469e-06 3.30653e-06 3.25555e-06 3.19196e-06 3.116e-06 3.02795e-06 2.92818e-06 2.81706e-06 2.69501e-06 2.56253e-06 2.42011e-06 2.26831e-06 2.10773e-06 1.93897e-06 
7.36789e-07 1.01023e-06 1.27976e-06 1.54432e-06 1.8029e-06 2.05449e-06 2.29813e-06 2.53285e-06 2.75776e-06 2.97198e-06 3.17468e-06 3.36508e-06 3.54244e-06 3.70607e-06 3.85533e-06 3.98966e-06 4.10852e-06 4.21146e-06 4.29808e-06 4.36804e-06 4.42107e-06 4.45697e-06 4.4756e-06 4.47688e-06 4.46081e-06 4.42745e-06 4.37693e-06 4.30945e-06 4.22527e-06 4.12472e-06 4.00817e-06 3.8761e-06 3.729e-06 3.56745e-06 3.39208e-06 3.20356e-06 3.00262e-06 2.79005e-06 2.56666e-06 
9.12432e-07 1.25106e-06 1.58484e-06 1.91247e-06 2.23269e-06 2.54426e-06 2.84597e-06 3.13666e-06 3.41518e-06 3.68047e-06 3.93149e-06 4.16728e-06 4.38692e-06 4.58956e-06 4.77441e-06 4.94075e-06 5.08795e-06 5.21543e-06 5.3227e-06 5.40934e-06 5.47501e-06 5.51947e-06 5.54253e-06 5.54412e-06 5.52422e-06 5.48291e-06 5.42035e-06 5.33678e-06 5.23253e-06 5.108e-06 4.96368e-06 4.80012e-06 4.61796e-06 4.4179e-06 4.20071e-06 3.96725e-06 3.71841e-06 3.45517e-06 3.17853e-06 
1.08245e-06 1.48417e-06 1.88014e-06 2.26883e-06 2.64872e-06 3.01835e-06 3.37628e-06 3.72112e-06 4.05155e-06 4.36627e-06 4.66407e-06 4.94379e-06 5.20435e-06 5.44475e-06 5.66404e-06 5.86138e-06 6.03601e-06 6.18724e-06 6.3145e-06 6.41728e-06 6.49519e-06 6.54793e-06 6.5753e-06 6.57718e-06 6.55357e-06 6.50456e-06 6.43034e-06 6.33121e-06 6.20753e-06 6.0598e-06 5.88858e-06 5.69455e-06 5.47844e-06 5.2411e-06 4.98345e-06 4.70649e-06 4.41128e-06 4.09898e-06 3.7708e-06 
1.24579e-06 1.70814e-06 2.16386e-06 2.6112e-06 3.04842e-06 3.47382e-06 3.88576e-06 4.28265e-06 4.66293e-06 5.02514e-06 5.36788e-06 5.68982e-06 5.9897e-06 6.26637e-06 6.51876e-06 6.74588e-06 6.94686e-06 7.12091e-06 7.26737e-06 7.38566e-06 7.47533e-06 7.53603e-06 7.56752e-06 7.56969e-06 7.54251e-06 7.48611e-06 7.4007e-06 7.2866e-06 7.14426e-06 6.97424e-06 6.77718e-06 6.55387e-06 6.30515e-06 6.03199e-06 5.73546e-06 5.4167e-06 5.07695e-06 4.71753e-06 4.33982e-06 
1.40146e-06 1.92157e-06 2.43424e-06 2.93747e-06 3.42932e-06 3.90788e-06 4.37129e-06 4.81777e-06 5.24557e-06 5.65304e-06 6.0386e-06 6.40077e-06 6.73812e-06 7.04936e-06 7.33328e-06 7.58878e-06 7.81487e-06 8.01067e-06 8.17543e-06 8.30851e-06 8.40938e-06 8.47766e-06 8.51309e-06 8.51553e-06 8.48496e-06 8.42151e-06 8.32542e-06 8.19707e-06 8.03694e-06 7.84567e-06 7.624e-06 7.37278e-06 7.09298e-06 6.7857e-06 6.45211e-06 6.09353e-06 5.71132e-06 5.30699e-06 4.88208e-06 
1.54848e-06 2.12316e-06 2.68961e-06 3.24563e-06 3.78908e-06 4.31784e-06 4.82987e-06 5.32319e-06 5.79587e-06 6.24608e-06 6.6721e-06 7.07225e-06 7.445e-06 7.78889e-06 8.10259e-06 8.3849e-06 8.63471e-06 8.85105e-06 9.03309e-06 9.18013e-06 9.29158e-06 9.36703e-06 9.40617e-06 9.40886e-06 9.37509e-06 9.30498e-06 9.19881e-06 9.05699e-06 8.88008e-06 8.66874e-06 8.42381e-06 8.14623e-06 7.83709e-06 7.49756e-06 7.12899e-06 6.73278e-06 6.31048e-06 5.86373e-06 5.39425e-06 
1.68595e-06 2.31165e-06 2.92839e-06 3.53378e-06 4.12548e-06 4.70119e-06 5.25868e-06 5.79578e-06 6.31043e-06 6.80062e-06 7.26445e-06 7.70013e-06 8.10597e-06 8.48039e-06 8.82195e-06 9.12932e-06 9.40131e-06 9.63686e-06 9.83506e-06 9.99515e-06 1.01165e-05 1.01986e-05 1.02413e-05 1.02442e-05 1.02074e-05 1.01311e-05 1.00155e-05 9.86108e-06 9.66846e-06 9.43836e-06 9.17169e-06 8.86947e-06 8.53287e-06 8.16321e-06 7.76191e-06 7.33052e-06 6.87073e-06 6.38431e-06 5.87315e-06 
1.81304e-06 2.4859e-06 3.14913e-06 3.80015e-06 4.43644e-06 5.05555e-06 5.65506e-06 6.23265e-06 6.78609e-06 7.31323e-06 7.81202e-06 8.28054e-06 8.71697e-06 9.11962e-06 9.48692e-06 9.81745e-06 1.01099e-05 1.03632e-05 1.05764e-05 1.07485e-05 1.0879e-05 1.09674e-05 1.10132e-05 1.10164e-05 1.09768e-05 1.08947e-05 1.07704e-05 1.06044e-05 1.03972e-05 1.01498e-05 9.86301e-06 9.53801e-06 9.17605e-06 8.77852e-06 8.34697e-06 7.88307e-06 7.38862e-06 6.86554e-06 6.31585e-06 
1.92894e-06 2.64482e-06 3.35044e-06 4.04308e-06 4.72006e-06 5.37874e-06 6.01657e-06 6.63109e-06 7.21991e-06 7.78074e-06 8.31143e-06 8.8099e-06 9.27423e-06 9.70261e-06 1.00934e-05 1.04451e-05 1.07562e-05 1.10257e-05 1.12525e-05 1.14357e-05 1.15745e-05 1.16685e-05 1.17173e-05 1.17206e-05 1.16785e-05 1.15912e-05 1.1459e-05 1.12823e-05 1.10619e-05 1.07986e-05 1.04935e-05 1.01478e-05 9.76265e-06 9.33971e-06 8.88057e-06 8.38702e-06 7.86096e-06 7.30444e-06 6.71961e-06 
2.03295e-06 2.78743e-06 3.5311e-06 4.26109e-06 4.97457e-06 5.66876e-06 6.34099e-06 6.98864e-06 7.60921e-06 8.20029e-06 8.75959e-06 9.28494e-06 9.7743e-06 1.02258e-05 1.06376e-05 1.10083e-05 1.13362e-05 1.16203e-05 1.18593e-05 1.20523e-05 1.21986e-05 1.22977e-05 1.23491e-05 1.23526e-05 1.23083e-05 1.22162e-05 1.20768e-05 1.18906e-05 1.16584e-05 1.13809e-05 1.10594e-05 1.06949e-05 1.02891e-05 9.84332e-06 9.35943e-06 8.83926e-06 8.28484e-06 7.6983e-06 7.08194e-06 
2.12443e-06 2.91285e-06 3.68999e-06 4.45283e-06 5.19841e-06 5.92384e-06 6.62632e-06 7.30311e-06 7.9516e-06 8.56928e-06 9.15374e-06 9.70273e-06 1.02141e-05 1.06859e-05 1.11163e-05 1.15036e-05 1.18463e-05 1.21431e-05 1.23929e-05 1.25946e-05 1.27475e-05 1.2851e-05 1.29047e-05 1.29084e-05 1.28621e-05 1.27659e-05 1.26203e-05 1.24257e-05 1.2183e-05 1.1893e-05 1.1557e-05 1.11762e-05 1.0752e-05 1.02862e-05 9.78057e-06 9.237e-06 8.65763e-06 8.04471e-06 7.4006e-06 
2.20281e-06 3.02032e-06 3.82613e-06 4.61711e-06 5.3902e-06 6.1424e-06 6.87079e-06 7.57256e-06 8.24497e-06 8.88544e-06 9.49147e-06 1.00607e-05 1.0591e-05 1.10802e-05 1.15264e-05 1.1928e-05 1.22834e-05 1.25912e-05 1.28501e-05 1.30593e-05 1.32178e-05 1.33252e-05 1.33809e-05 1.33847e-05 1.33366e-05 1.32369e-05 1.30859e-05 1.28841e-05 1.26324e-05 1.23318e-05 1.19834e-05 1.15885e-05 1.11487e-05 1.06657e-05 1.01414e-05 9.57779e-06 8.97705e-06 8.34151e-06 7.67364e-06 
2.2676e-06 3.10917e-06 3.93868e-06 4.75293e-06 5.54876e-06 6.32308e-06 7.0729e-06 7.79531e-06 8.48751e-06 9.14681e-06 9.77067e-06 1.03567e-05 1.09025e-05 1.14061e-05 1.18655e-05 1.22789e-05 1.26447e-05 1.29615e-05 1.32281e-05 1.34434e-05 1.36067e-05 1.37171e-05 1.37745e-05 1.37784e-05 1.3729e-05 1.36263e-05 1.34708e-05 1.32631e-05 1.3004e-05 1.26946e-05 1.23359e-05 1.19294e-05 1.14767e-05 1.09795e-05 1.04397e-05 9.85953e-06 9.24112e-06 8.58688e-06 7.89937e-06 
2.31842e-06 3.17884e-06 4.02695e-06 4.85944e-06 5.67311e-06 6.46479e-06 7.23141e-06 7.97001e-06 8.67772e-06 9.35179e-06 9.98963e-06 1.05888e-05 1.11468e-05 1.16617e-05 1.21314e-05 1.25541e-05 1.29281e-05 1.3252e-05 1.35246e-05 1.37447e-05 1.39116e-05 1.40246e-05 1.40832e-05 1.40872e-05 1.40366e-05 1.39317e-05 1.37727e-05 1.35604e-05 1.32955e-05 1.29791e-05 1.26123e-05 1.21967e-05 1.17339e-05 1.12255e-05 1.06737e-05 1.00805e-05 9.44821e-06 8.77932e-06 8.0764e-06 
2.35495e-06 3.22892e-06 4.09039e-06 4.936e-06 5.76248e-06 6.56663e-06 7.34533e-06 8.09556e-06 8.81442e-06 9.49912e-06 1.0147e-05 1.07556e-05 1.13224e-05 1.18454e-05 1.23225e-05 1.27519e-05 1.31318e-05 1.34608e-05 1.37376e-05 1.39612e-05 1.41307e-05 1.42455e-05 1.4305e-05 1.43091e-05 1.42577e-05 1.41511e-05 1.39897e-05 1.3774e-05 1.35049e-05 1.31835e-05 1.2811e-05 1.23889e-05 1.19187e-05 1.14024e-05 1.08418e-05 1.02393e-05 9.59706e-06 8.91762e-06 8.20363e-06 
2.37695e-06 3.25909e-06 4.12861e-06 4.98212e-06 5.81633e-06 6.62799e-06 7.41397e-06 8.17121e-06 8.89678e-06 9.58788e-06 1.02418e-05 1.08561e-05 1.14282e-05 1.19561e-05 1.24377e-05 1.2871e-05 1.32545e-05 1.35866e-05 1.3866e-05 1.40917e-05 1.42628e-05 1.43786e-05 1.44387e-05 1.44428e-05 1.4391e-05 1.42834e-05 1.41204e-05 1.39027e-05 1.36311e-05 1.33067e-05 1.29307e-05 1.25047e-05 1.20301e-05 1.15089e-05 1.09432e-05 1.0335e-05 9.68673e-06 9.00095e-06 8.28029e-06 
2.3843e-06 3.26917e-06 4.14137e-06 4.99753e-06 5.83431e-06 6.64848e-06 7.43689e-06 8.19648e-06 8.92429e-06 9.61753e-06 1.02735e-05 1.08896e-05 1.14636e-05 1.19931e-05 1.24761e-05 1.29108e-05 1.32955e-05 1.36286e-05 1.39089e-05 1.41353e-05 1.43069e-05 1.44231e-05 1.44833e-05 1.44875e-05 1.44355e-05 1.43275e-05 1.4164e-05 1.39457e-05 1.36733e-05 1.33479e-05 1.29707e-05 1.25433e-05 1.20673e-05 1.15445e-05 1.0977e-05 1.03669e-05 9.71668e-06 9.02878e-06 8.30589e-06 
2.37695e-06 3.25909e-06 4.12861e-06 4.98212e-06 5.81633e-06 6.62799e-06 7.41397e-06 8.17121e-06 8.89678e-06 9.58788e-06 1.02418e-05 1.08561e-05 1.14282e-05 1.19561e-05 1.24377e-05 1.2871e-05 1.32545e-05 1.35866e-05 1.3866e-05 1.40917e-05 1.42628e-05 1.43786e-05 1.44387e-05 1.44428e-05 1.4391e-05 1.42834e-05 1.41204e-05 1.39027e-05 1.36311e-05 1.33067e-05 1.29307e-05 1.25047e-05 1.20301e-05 1.15089e-05 1.09432e-05 1.0335e-05 9.68673e-06 9.00095e-06 8.28029e-06 
2.35495e-06 3.22892e-06 4.09039e-06 4.936e-06 5.76248e-06 6.56663e-06 7.34533e-06 8.09556e-06 8.81442e-06 9.49912e-06 1.0147e-05 1.07556e-05 1.13224e-05 1.18454e-05 1.23225e-05 1.27519e-05 1.31318e-05 1.34608e-05 1.37376e-05 1.39612e-05 1.41307e-05 1.42455e-05 1.4305e-05 1.43091e-05 1.42577e-05 1.41511e-05 1.39897e-05 1.3774e-05 1.35049e-05 1.31835e-05 1.2811e-05 1.23889e-05 1.19187e-05 1.14024e-05 1.08418e-05 1.02393e-05 9.59706e-06 8.91762e-06 8.20363e-06 
2.31842e-06 3.17884e-06 4.02695e-06 4.85944e-06 5.67311e-06 6.46479e-06 7.23141e-06 7.97001e-06 8.67772e-06 9.35179e-06 9.98963e-06 1.05888e-05 1.11468e-05 1.16617e-05 1.21314e-05 1.25541e-05 1.29281e-05 1.3252e-05 1.35246e-05 1.37447e-05 1.39116e-05 1.40246e-05 1.40832e-05 1.40872e-05 1.40366e-05 1.39317e-05 1.37727e-05 1.35604e-05 1.32955e-05 1.29791e-05 1.26123e-05 1.21967e-05 1.17339e-05 1.12255e-05 1.06737e-05 1.00805e-05 9.44821e-06 8.77932e-06 8.0764e-06 
2.2676e-06 3.10917e-06 3.93868e-06 4.75293e-06 5.54876e-06 6.32308e-06 7.0729e-06 7.79531e-06 8.48751e-06 9.14681e-06 9.77067e-06 1.03567e-05 1.09025e-05 1.14061e-05 1.18655e-05 1.22789e-05 1.26447e-05 1.29615e-05 1.32281e-05 1.34434e-05 1.36067e-05 1.37171e-05 1.37745e-05 1.37784e-05 1.3729e-05 1.36263e-05 1.34708e-05 1.32631e-05 1.3004e-05 1.26946e-05 1.23359e-05 1.19294e-05 1.14767e-05 1.09795e-05 1.04397e-05 9.85953e-06 9.24112e-06 8.58688e-06 7.89937e-06 
2.20281e-06 3.02032e-06 3.82613e-06 4.61711e-06 5.3902e-06 6.1424e-06 6.87079e-06 7.57256e-06 8.24497e-06 8.88544e-06 9.49146e-06 1.00607e-05 1.0591e-05 1.10802e-05 1.15264e-05 1.1928e-05 1.22834e-05 1.25912e-05 1.28501e-05 1.30593e-05 1.32178e-05 1.33252e-05 1.33809e-05 1.33847e-05 1.33366e-05 1.32369e-05 1.30859e-05 1.28841e-05 1.26324e-05 1.23318e-05 1.19834e-05 1.15885e-05 1.11487e-05 1.06657e-05 1.01414e-05 9.57779e-06 8.97705e-06 8.34151e-06 7.67364e-06 
2.12443e-06 2.91285e-06 3.68999e-06 4.45283e-06 5.19841e-06 5.92384e-06 6.62632e-06 7.30311e-06 7.9516e-06 8.56928e-06 9.15374e-06 9.70273e-06 1.02141e-05 1.06859e-05 1.11163e-05 1.15036e-05 1.18463e-05 1.21431e-05 1.23929e-05 1.25946e-05 1.27475e-05 1.2851e-05 1.29047e-05 1.29084e-05 1.28621e-05 1.27659e-05 1.26203e-05 1.24257e-05 1.2183e-05 1.1893e-05 1.1557e-05 1.11762e-05 1.0752e-05 1.02862e-05 9.78057e-06 9.237e-06 8.65763e-06 8.04471e-06 7.4006e-06 
2.03295e-06 2.78743e-06 3.5311e-06 4.26109e-06 4.97457e-06 5.66876e-06 6.34099e-06 6.98864e-06 7.60921e-06 8.20029e-06 8.75959e-06 9.28494e-06 9.7743e-06 1.02258e-05 1.06376e-05 1.10083e-05 1.13362e-05 1.16203e-05 1.18593e-05 1.20523e-05 1.21986e-05 1.22977e-05 1.23491e-05 1.23526e-05 1.23083e-05 1.22162e-05 1.20768e-05 1.18906e-05 1.16584e-05 1.13809e-05 1.10594e-05 1.06949e-05 1.02891e-05 9.84332e-06 9.35943e-06 8.83926e-06 8.28484e-06 7.6983e-06 7.08194e-06 
1.92894e-06 2.64482e-06 3.35044e-06 4.04308e-06 4.72006e-06 5.37874e-06 6.01657e-06 6.63109e-06 7.21991e-06 7.78074e-06 8.31143e-06 8.8099e-06 9.27423e-06 9.70261e-06 1.00934e-05 1.04451e-05 1.07562e-05 1.10257e-05 1.12525e-05 1.14357e-05 1.15745e-05 1.16685e-05 1.17173e-05 1.17206e-05 1.16785e-05 1.15912e-05 1.1459e-05 1.12823e-05 1.10619e-05 1.07986e-05 1.04935e-05 1.01478e-05 9.76265e-06 9.33971e-06 8.88057e-06 8.38702e-06 7.86096e-06 7.30444e-06 6.71961e-06 
1.81304e-06 2.4859e-06 3.14913e-06 3.80015e-06 4.43644e-06 5.05555e-06 5.65506e-06 6.23265e-06 6.78609e-06 7.31323e-06 7.81202e-06 8.28054e-06 8.71697e-06 9.11962e-06 9.48692e-06 9.81745e-06 1.01099e-05 1.03632e-05 1.05764e-05 1.07485e-05 1.0879e-05 1.09674e-05 1.10132e-05 1.10164e-05 1.09768e-05 1.08947e-05 1.07704e-05 1.06044e-05 1.03972e-05 1.01498e-05 9.86301e-06 9.53801e-06 9.17605e-06 8.77852e-06 8.34697e-06 7.88307e-06 7.38862e-06 6.86554e-06 6.31585e-06 
1.68595e-06 2.31165e-06 2.92839e-06 3.53378e-06 4.12548e-06 4.70119e-06 5.25868e-06 5.79578e-06 6.31043e-06 6.80062e-06 7.26445e-06 7.70013e-06 8.10597e-06 8.48039e-06 8.82195e-06 9.12932e-06 9.40131e-06 9.63686e-06 9.83506e-06 9.99515e-06 1.01165e-05 1.01986e-05 1.02413e-05 1.02442e-05 1.02074e-05 1.01311e-05 1.00155e-05 9.86108e-06 9.66846e-06 9.43836e-06 9.17169e-06 8.86946e-06 8.53287e-06 8.16321e-06 7.76191e-06 7.33052e-06 6.87073e-06 6.38431e-06 5.87315e-06 
1.54848e-06 2.12316e-06 2.68961e-06 3.24563e-06 3.78908e-06 4.31784e-06 4.82987e-06 5.32319e-06 5.79587e-06 6.24608e-06 6.6721e-06 7.07225e-06 7.445e-06 7.78889e-06 8.10259e-06 8.3849e-06 8.63471e-06 8.85105e-06 9.03309e-06 9.18013e-06 9.29158e-06 9.36703e-06 9.40617e-06 9.40886e-06 9.37509e-06 9.30498e-06 9.19881e-06 9.05699e-06 8.88008e-06 8.66874e-06 8.42381e-06 8.14623e-06 7.83709e-06 7.49756e-06 7.12899e-06 6.73278e-06 6.31048e-06 5.86373e-06 5.39425e-06 
1.40146e-06 1.92157e-06 2.43424e-06 2.93747e-06 3.42932e-06 3.90788e-06 4.37129e-06 4.81777e-06 5.24557e-06 5.65304e-06 6.0386e-06 6.40077e-06 6.73812e-06 7.04936e-06 7.33328e-06 7.58878e-06 7.81487e-06 8.01067e-06 8.17543e-06 8.30851e-06 8.40938e-06 8.47766e-06 8.51309e-06 8.51553e-06 8.48496e-06 8.42151e-06 8.32542e-06 8.19706e-06 8.03694e-06 7.84567e-06 7.624e-06 7.37278e-06 7.09298e-06 6.7857e-06 6.45211e-06 6.09353e-06 5.71132e-06 5.30699e-06 4.88208e-06 
1.24579e-06 1.70814e-06 2.16386e-06 2.6112e-06 3.04842e-06 3.47382e-06 3.88576e-06 4.28265e-06 4.66293e-06 5.02514e-06 5.36788e-06 5.68982e-06 5.9897e-06 6.26637e-06 6.51876e-06 6.74588e-06 6.94686e-06 7.12091e-06 7.26737e-06 7.38566e-06 7.47533e-06 7.53603e-06 7.56752e-06 7.56969e-06 7.54251e-06 7.48611e-06 7.4007e-06 7.2866e-06 7.14426e-06 6.97424e-06 6.77718e-06 6.55387e-06 6.30515e-06 6.03199e-06 5.73546e-06 5.4167e-06 5.07695e-06 4.71753e-06 4.33982e-06 
1.08245e-06 1.48417e-06 1.88014e-06 2.26883e-06 2.64872e-06 3.01835e-06 3.37628e-06 3.72112e-06 4.05155e-06 4.36627e-06 4.66407e-06 4.94379e-06 5.20435e-06 5.44475e-06 5.66404e-06 5.86138e-06 6.03601e-06 6.18724e-06 6.3145e-06 6.41728e-06 6.49519e-06 6.54793e-06 6.5753e-06 6.57718e-06 6.55357e-06 6.50456e-06 6.43034e-06 6.33121e-06 6.20753e-06 6.0598e-06 5.88858e-06 5.69455e-06 5.47844e-06 5.2411e-06 4.98345e-06 4.70649e-06 4.41128e-06 4.09898e-06 3.7708e-06 
9.12432e-07 1.25106e-06 1.58484e-06 1.91247e-06 2.23269e-06 2.54426e-06 2.84597e-06 3.13666e-06 3.41518e-06 3.68047e-06 3.93149e-06 4.16728e-06 4.38692e-06 4.58956e-06 4.77441e-06 4.94075e-06 5.08795e-06 5.21543e-06 5.3227e-06 5.40934e-06 5.47501e-06 5.51947e-06 5.54253e-06 5.54412e-06 5.52422e-06 5.48291e-06 5.42035e-06 5.33678e-06 5.23253e-06 5.108e-06 4.96368e-06 4.80012e-06 4.61796e-06 4.4179e-06 4.20071e-06 3.96725e-06 3.71841e-06 3.45517e-06 3.17853e-06 
7.36789e-07 1.01023e-06 1.27976e-06 1.54432e-06 1.8029e-06 2.05449e-06 2.29813e-06 2.53285e-06 2.75776e-06 2.97198e-06 3.17468e-06 3.36508e-06 3.54244e-06 3.70607e-06 3.85533e-06 3.98966e-06 4.10852e-06 4.21146e-06 4.29808e-06 4.36804e-06 4.42107e-06 4.45697e-06 4.4756e-06 4.47688e-06 4.46081e-06 4.42745e-06 4.37693e-06 4.30945e-06 4.22527e-06 4.12472e-06 4.00817e-06 3.8761e-06 3.729e-06 3.56745e-06 3.39208e-06 3.20356e-06 3.00262e-06 2.79005e-06 2.56666e-06 
5.56604e-07 7.63173e-07 9.66785e-07 1.16665e-06 1.36199e-06 1.55206e-06 1.73611e-06 1.91343e-06 2.08334e-06 2.24517e-06 2.3983e-06 2.54213e-06 2.67612e-06 2.79973e-06 2.91249e-06 3.01397e-06 3.10376e-06 3.18153e-06 3.24696e-06 3.29981e-06 3.33988e-06 3.367e-06 3.38107e-06 3.38203e-06 3.36989e-06 3.34469e-06 3.30653e-06 3.25555e-06 3.19196e-06 3.116e-06 3.02795e-06 2.92818e-06 2.81706e-06 2.69501e-06 2.56253e-06 2.42011e-06 2.26832e-06 2.10773e-06 1.93897e-06 
3.72987e-07 5.11411e-07 6.47854e-07 7.81785e-07 9.12687e-07 1.04005e-06 1.16339e-06 1.28221e-06 1.39607e-06 1.50451e-06 1.60713e-06 1.70351e-06 1.7933e-06 1.87613e-06 1.9517e-06 2.0197e-06 2.07987e-06 2.13198e-06 2.17583e-06 2.21124e-06 2.23809e-06 2.25626e-06 2.26569e-06 2.26634e-06 2.25821e-06 2.24132e-06 2.21575e-06 2.18158e-06 2.13897e-06 2.08807e-06 2.02907e-06 1.96221e-06 1.88774e-06 1.80596e-06 1.71718e-06 1.62174e-06 1.52002e-06 1.41241e-06 1.29933e-06 
1.8707e-07 2.56496e-07 3.24929e-07 3.92101e-07 4.57755e-07 5.21634e-07 5.83492e-07 6.43088e-07 7.00192e-07 7.54583e-07 8.06049e-07 8.54391e-07 8.99422e-07 9.40967e-07 9.78865e-07 1.01297e-06 1.04315e-06 1.06929e-06 1.09128e-06 1.10904e-06 1.12251e-06 1.13162e-06 1.13635e-06 1.13667e-06 1.13259e-06 1.12412e-06 1.1113e-06 1.09417e-06 1.07279e-06 1.04726e-06 1.01767e-06 9.84137e-07 9.4679e-07 9.05772e-07 8.61245e-07 8.1338e-07 7.62362e-07 7.0839e-07 6.51673e-07 

8.15348e-12 1.11022e-11 1.41469e-11 1.70672e-11 1.99663e-11 2.27445e-11 2.54161e-11 2.80025e-11 3.05533e-11 3.28981e-11 3.51505e-11 3.72538e-11 3.91367e-11 4.09983e-11 4.27391e-11 4.41673e-11 4.54818e-11 4.65974e-11 4.75993e-11 4.83382e-11 4.8928e-11 4.93401e-11 4.95177e-11 4.95746e-11 4.93046e-11 4.89777e-11 4.84235e-11 4.77129e-11 4.67395e-11 4.56666e-11 4.43663e-11 4.29097e-11 4.13181e-11 3.95133e-11 3.75024e-11 3.54419e-11 3.32037e-11 3.08518e-11 2.83578e-11 
1.62625e-11 2.22897e-11 2.8237e-11 3.40954e-11 3.97833e-11 4.53113e-11 5.07399e-11 5.58913e-11 6.07869e-11 6.55547e-11 7.0024e-11 7.43086e-11 7.81384e-11 8.17622e-11 8.50591e-11 8.80505e-11 9.06581e-11 9.29461e-11 9.48575e-11 9.63922e-11 9.75575e-11 9.83604e-11 9.87441e-11 9.8737e-11 9.85096e-11 9.77209e-11 9.66125e-11 9.50848e-11 9.32445e-11 9.10205e-11 8.84555e-11 8.55209e-11 8.23093e-11 7.87068e-11 7.48415e-11 7.07132e-11 6.62652e-11 6.16254e-11 5.66658e-11 
2.42437e-11 3.33067e-11 4.2121e-11 5.0818e-11 5.93268e-11 6.76614e-11 7.56621e-11 8.34071e-11 9.08145e-11 9.78559e-11 1.04507e-10 1.10781e-10 1.16664e-10 1.22057e-10 1.26953e-10 1.31337e-10 1.35302e-10 1.38655e-10 1.41526e-10 1.43814e-10 1.4559e-10 1.46791e-10 1.47352e-10 1.47388e-10 1.46841e-10 1.45782e-10 1.44126e-10 1.41874e-10 1.39131e-10 1.35813e-10 1.31962e-10 1.2767e-10 1.22725e-10 1.17495e-10 1.1169e-10 1.05501e-10 9.88649e-11 9.18519e-11 8.45013e-11 
3.21112e-11 4.40092e-11 5.57812e-11 6.73381e-11 7.85754e-11 8.95497e-11 1.00144e-10 1.10369e-10 1.2016e-10 1.29557e-10 1.38371e-10 1.46628e-10 1.54394e-10 1.61577e-10 1.681e-10 1.73941e-10 1.79107e-10 1.83611e-10 1.87363e-10 1.90475e-10 1.92706e-10 1.94255e-10 1.95087e-10 1.95207e-10 1.9444e-10 1.93019e-10 1.90809e-10 1.87896e-10 1.84201e-10 1.7981e-10 1.74794e-10 1.68932e-10 1.62572e-10 1.55516e-10 1.47892e-10 1.39647e-10 1.30882e-10 1.21663e-10 1.11886e-10 
3.97584e-11 5.45235e-11 6.90861e-11 8.33893e-11 9.72946e-11 1.10894e-10 1.24061e-10 1.36705e-10 1.48884e-10 1.60426e-10 1.71369e-10 1.81622e-10 1.91196e-10 2.00089e-10 2.08058e-10 2.15344e-10 2.21746e-10 2.27381e-10 2.31886e-10 2.35794e-10 2.3865e-10 2.4054e-10 2.4157e-10 2.41613e-10 2.40803e-10 2.38977e-10 2.36277e-10 2.32625e-10 2.27992e-10 2.22563e-10 2.16367e-10 2.09166e-10 2.013e-10 1.92522e-10 1.8311e-10 1.72871e-10 1.62082e-10 1.50592e-10 1.3852e-10 
4.71756e-11 6.46558e-11 8.19433e-11 9.88472e-11 1.15502e-10 1.31539e-10 1.47136e-10 1.62178e-10 1.7663e-10 1.90298e-10 2.03311e-10 2.15476e-10 2.26795e-10 2.37318e-10 2.46899e-10 2.55458e-10 2.63068e-10 2.69647e-10 2.75218e-10 2.7967e-10 2.83087e-10 2.85411e-10 2.8659e-10 2.8664e-10 2.85631e-10 2.83535e-10 2.80259e-10 2.75946e-10 2.70589e-10 2.6407e-10 2.56719e-10 2.48132e-10 2.3876e-10 2.28454e-10 2.17184e-10 2.05155e-10 1.92255e-10 1.78684e-10 1.64334e-10 
5.4289e-11 7.44311e-11 9.43068e-11 1.13831e-10 1.3285e-10 1.5141e-10 1.69312e-10 1.86656e-10 2.03251e-10 2.18989e-10 2.33975e-10 2.47972e-10 2.61068e-10 2.73104e-10 2.84103e-10 2.94065e-10 3.02823e-10 3.10372e-10 3.16717e-10 3.2194e-10 3.25745e-10 3.28502e-10 3.29816e-10 3.29909e-10 3.28772e-10 3.26228e-10 3.22554e-10 3.17591e-10 3.11445e-10 3.03995e-10 2.95302e-10 2.85681e-10 2.74827e-10 2.62862e-10 2.49994e-10 2.36124e-10 2.21295e-10 2.05581e-10 1.89175e-10 
6.10729e-11 8.37366e-11 1.06086e-10 1.28017e-10 1.49448e-10 1.70353e-10 1.90489e-10 2.0999e-10 2.28631e-10 2.46363e-10 2.63171e-10 2.79019e-10 2.9366e-10 3.07281e-10 3.19599e-10 3.30758e-10 3.4057e-10 3.49125e-10 3.56302e-10 3.62153e-10 3.66569e-10 3.69479e-10 3.71013e-10 3.71216e-10 3.69781e-10 3.67063e-10 3.62874e-10 3.5725e-10 3.50251e-10 3.41952e-10 3.32289e-10 3.21332e-10 3.09146e-10 2.95799e-10 2.81215e-10 2.6553e-10 2.48914e-10 2.31321e-10 2.12772e-10 
6.74794e-11 9.25056e-11 1.17225e-10 1.41466e-10 1.65128e-10 1.88169e-10 2.10473e-10 2.3201e-10 2.5258e-10 2.72237e-10 2.90797e-10 3.08241e-10 3.24444e-10 3.39458e-10 3.53094e-10 3.65453e-10 3.76335e-10 3.85754e-10 3.93708e-10 4.001e-10 4.04924e-10 4.0826e-10 4.09933e-10 4.10051e-10 4.08601e-10 4.05514e-10 4.00888e-10 3.9471e-10 3.87011e-10 3.77799e-10 3.67127e-10 3.55016e-10 3.41586e-10 3.26732e-10 3.10695e-10 2.9349e-10 2.75019e-10 2.55532e-10 2.35097e-10 
7.3471e-11 1.00727e-10 1.27621e-10 1.54007e-10 1.79798e-10 2.04869e-10 2.29164e-10 2.52633e-10 2.75019e-10 2.96367e-10 3.16611e-10 3.35508e-10 3.53282e-10 3.69578e-10 3.84453e-10 3.97858e-10 4.09727e-10 4.19998e-10 4.28606e-10 4.35588e-10 4.40881e-10 4.44473e-10 4.46356e-10 4.46438e-10 4.44885e-10 4.41531e-10 4.36472e-10 4.29786e-10 4.21348e-10 4.1133e-10 3.99737e-10 3.86564e-10 3.71813e-10 3.55765e-10 3.38275e-10 3.19442e-10 2.99391e-10 2.78259e-10 2.55945e-10 
7.90119e-11 1.08342e-10 1.37229e-10 1.65626e-10 1.93351e-10 2.20309e-10 2.46436e-10 2.7164e-10 2.95728e-10 3.18732e-10 3.40453e-10 3.60881e-10 3.79899e-10 3.97435e-10 4.13465e-10 4.27836e-10 4.40632e-10 4.51614e-10 4.60926e-10 4.68443e-10 4.74184e-10 4.77957e-10 4.79979e-10 4.80146e-10 4.78384e-10 4.74813e-10 4.69388e-10 4.62126e-10 4.53102e-10 4.42288e-10 4.29839e-10 4.15682e-10 3.99901e-10 3.82581e-10 3.63791e-10 3.43551e-10 3.22011e-10 2.99206e-10 2.75254e-10 
8.40612e-11 1.15258e-10 1.46016e-10 1.76206e-10 2.0572e-10 2.3441e-10 2.62206e-10 2.8896e-10 3.14657e-10 3.39078e-10 3.62196e-10 3.83952e-10 4.04153e-10 4.2283e-10 4.3989e-10 4.55245e-10 4.68741e-10 4.80529e-10 4.90331e-10 4.9836e-10 5.04443e-10 5.08493e-10 5.10607e-10 5.10759e-10 5.08962e-10 5.05125e-10 4.99401e-10 4.91692e-10 4.82132e-10 4.70646e-10 4.57309e-10 4.42249e-10 4.2548e-10 4.07042e-10 3.87015e-10 3.65528e-10 3.42592e-10 3.18323e-10 2.92857e-10 
8.8594e-11 1.21482e-10 1.53888e-10 1.85693e-10 2.16806e-10 2.4704e-10 2.76314e-10 3.04571e-10 3.316e-10 3.57375e-10 3.81714e-10 4.04643e-10 4.25981e-10 4.45656e-10 4.63572e-10 4.79737e-10 4.9403e-10 5.06382e-10 5.16867e-10 5.25223e-10 5.31585e-10 5.35923e-10 5.38169e-10 5.38293e-10 5.36389e-10 5.32399e-10 5.26278e-10 5.18192e-10 5.08035e-10 4.95991e-10 4.81979e-10 4.66091e-10 4.48392e-10 4.28969e-10 4.07891e-10 3.85203e-10 3.61041e-10 3.35497e-10 3.08622e-10 
9.25806e-11 1.26939e-10 1.60804e-10 1.94074e-10 2.26558e-10 2.58167e-10 2.88788e-10 3.1827e-10 3.46517e-10 3.73426e-10 3.98916e-10 4.22869e-10 4.45162e-10 4.6564e-10 4.84455e-10 5.01313e-10 5.16238e-10 5.29209e-10 5.4008e-10 5.48852e-10 5.5558e-10 5.60018e-10 5.62387e-10 5.6254e-10 5.60526e-10 5.56348e-10 5.49996e-10 5.41526e-10 5.30967e-10 5.18291e-10 5.03682e-10 4.87081e-10 4.68578e-10 4.48289e-10 4.2624e-10 4.02554e-10 3.77323e-10 3.50575e-10 3.22544e-10 
9.59952e-11 1.31632e-10 1.66748e-10 2.0121e-10 2.3492e-10 2.67704e-10 2.994e-10 3.30033e-10 3.59336e-10 3.87217e-10 4.1365e-10 4.38416e-10 4.61547e-10 4.82903e-10 5.02325e-10 5.19815e-10 5.35326e-10 5.48756e-10 5.60011e-10 5.69113e-10 5.76005e-10 5.80684e-10 5.83135e-10 5.83299e-10 5.81199e-10 5.76854e-10 5.70278e-10 5.61499e-10 5.50493e-10 5.37426e-10 5.22245e-10 5.05047e-10 4.85873e-10 4.64837e-10 4.4199e-10 4.17369e-10 3.91218e-10 3.63549e-10 3.34396e-10 
9.88192e-11 1.35497e-10 1.71656e-10 2.07128e-10 2.41796e-10 2.75559e-10 3.08248e-10 3.39721e-10 3.69875e-10 3.98579e-10 4.25779e-10 4.51365e-10 4.75168e-10 4.97078e-10 5.17108e-10 5.35096e-10 5.51044e-10 5.64828e-10 5.76499e-10 5.8586e-10 5.9298e-10 5.97776e-10 6.00263e-10 6.00437e-10 5.98305e-10 5.93808e-10 5.87047e-10 5.78023e-10 5.66736e-10 5.53246e-10 5.376e-10 5.19904e-10 5.0013e-10 4.78476e-10 4.54982e-10 4.29694e-10 4.0275e-10 3.74245e-10 3.4424e-10 
1.01038e-10 1.38535e-10 1.7549e-10 2.1179e-10 2.47235e-10 2.81746e-10 3.1512e-10 3.47329e-10 3.7819e-10 4.07539e-10 4.35335e-10 4.61448e-10 4.85752e-10 5.0823e-10 5.28694e-10 5.47118e-10 5.634e-10 5.77529e-10 5.89427e-10 5.98973e-10 6.06274e-10 6.1118e-10 6.1376e-10 6.1392e-10 6.11745e-10 6.07141e-10 6.00227e-10 5.90965e-10 5.79455e-10 5.65638e-10 5.49644e-10 5.3155e-10 5.11346e-10 4.89226e-10 4.65143e-10 4.39314e-10 4.11751e-10 3.82601e-10 3.5196e-10 
1.02622e-10 1.40725e-10 1.78273e-10 2.15097e-10 2.51136e-10 2.8618e-10 3.20098e-10 3.52813e-10 3.84114e-10 4.13948e-10 4.42213e-10 4.68738e-10 4.93426e-10 5.16238e-10 5.36961e-10 5.55762e-10 5.72236e-10 5.86631e-10 5.98654e-10 6.08434e-10 6.15788e-10 6.20805e-10 6.23423e-10 6.23611e-10 6.21338e-10 6.16719e-10 6.09667e-10 6.00267e-10 5.88539e-10 5.74552e-10 5.58316e-10 5.39892e-10 5.19382e-10 4.96961e-10 4.72518e-10 4.46224e-10 4.18241e-10 3.88646e-10 3.57515e-10 
1.03586e-10 1.42028e-10 1.79921e-10 2.17121e-10 2.53493e-10 2.88848e-10 3.23078e-10 3.56104e-10 3.87708e-10 4.17828e-10 4.4631e-10 4.73097e-10 4.98062e-10 5.21066e-10 5.42027e-10 5.6092e-10 5.77646e-10 5.92102e-10 6.04285e-10 6.14108e-10 6.21551e-10 6.26606e-10 6.29214e-10 6.29427e-10 6.27193e-10 6.22489e-10 6.1538e-10 6.05915e-10 5.94063e-10 5.79909e-10 5.6351e-10 5.44958e-10 5.24341e-10 5.01533e-10 4.76888e-10 4.50406e-10 4.22158e-10 3.92252e-10 3.6086e-10 
1.03908e-10 1.42462e-10 1.8049e-10 2.17773e-10 2.54268e-10 2.8974e-10 3.24098e-10 3.572e-10 3.88935e-10 4.19117e-10 4.47745e-10 4.74536e-10 4.9959e-10 5.22668e-10 5.43704e-10 5.62643e-10 5.79405e-10 5.939e-10 6.06146e-10 6.16026e-10 6.23505e-10 6.28564e-10 6.312e-10 6.31378e-10 6.29058e-10 6.24379e-10 6.17277e-10 6.07745e-10 5.9589e-10 5.81714e-10 5.65269e-10 5.46674e-10 5.25873e-10 5.03139e-10 4.78408e-10 4.51781e-10 4.23464e-10 3.93479e-10 3.61965e-10 
1.03584e-10 1.42045e-10 1.79922e-10 2.17116e-10 2.53493e-10 2.88832e-10 3.23112e-10 3.56094e-10 3.87706e-10 4.17828e-10 4.46311e-10 4.73097e-10 4.98055e-10 5.21069e-10 5.42002e-10 5.60949e-10 5.77636e-10 5.92102e-10 6.04299e-10 6.14119e-10 6.2159e-10 6.26606e-10 6.29257e-10 6.29427e-10 6.27203e-10 6.22521e-10 6.15348e-10 6.05919e-10 5.9401e-10 5.79913e-10 5.63517e-10 5.44958e-10 5.24285e-10 5.01544e-10 4.76888e-10 4.50406e-10 4.22173e-10 3.92268e-10 3.60865e-10 
1.02631e-10 1.40711e-10 1.7827e-10 2.15108e-10 2.51134e-10 2.86178e-10 3.20103e-10 3.52795e-10 3.84146e-10 4.13971e-10 4.4222e-10 4.68717e-10 4.93458e-10 5.16209e-10 5.36986e-10 5.55744e-10 5.72243e-10 5.86631e-10 5.98657e-10 6.08427e-10 6.15799e-10 6.20791e-10 6.23444e-10 6.23579e-10 6.21341e-10 6.16712e-10 6.09674e-10 6.00284e-10 5.8856e-10 5.74548e-10 5.58316e-10 5.39913e-10 5.19414e-10 4.9695e-10 4.72468e-10 4.46255e-10 4.18224e-10 3.88638e-10 3.57506e-10 
1.01033e-10 1.38528e-10 1.75499e-10 2.11773e-10 2.47228e-10 2.8172e-10 3.15143e-10 3.47335e-10 3.78167e-10 4.07509e-10 4.35344e-10 4.61469e-10 4.85766e-10 5.08205e-10 5.28704e-10 5.47136e-10 5.63446e-10 5.77508e-10 5.89402e-10 5.99005e-10 6.06271e-10 6.11241e-10 6.13767e-10 6.1393e-10 6.11767e-10 6.07145e-10 6.0021e-10 5.91001e-10 5.79391e-10 5.65688e-10 5.49647e-10 5.31536e-10 5.11395e-10 4.89205e-10 4.65185e-10 4.39323e-10 4.11761e-10 3.82586e-10 3.51978e-10 
9.88192e-11 1.35508e-10 1.71649e-10 2.07124e-10 2.41828e-10 2.75561e-10 3.08221e-10 3.39709e-10 3.69905e-10 3.98591e-10 4.25802e-10 4.51323e-10 4.75143e-10 4.97089e-10 5.17101e-10 5.35149e-10 5.51008e-10 5.64896e-10 5.76499e-10 5.85889e-10 5.92973e-10 5.97815e-10 6.00302e-10 6.0049e-10 5.98295e-10 5.93836e-10 5.87058e-10 5.78019e-10 5.66704e-10 5.5325e-10 5.37607e-10 5.19901e-10 5.00172e-10 4.78501e-10 4.54936e-10 4.29704e-10 4.02714e-10 3.74245e-10 3.44249e-10 
9.59939e-11 1.31628e-10 1.66748e-10 2.0122e-10 2.34904e-10 2.67685e-10 2.99428e-10 3.30012e-10 3.59309e-10 3.8723e-10 4.13619e-10 4.38419e-10 4.61583e-10 4.82842e-10 5.02343e-10 5.19826e-10 5.35298e-10 5.4871e-10 5.60021e-10 5.69155e-10 5.76062e-10 5.8073e-10 5.83139e-10 5.83317e-10 5.81245e-10 5.76872e-10 5.70306e-10 5.61506e-10 5.50525e-10 5.37433e-10 5.22235e-10 5.05061e-10 4.85844e-10 4.64823e-10 4.41961e-10 4.17426e-10 3.9125e-10 3.63505e-10 3.34428e-10 
9.25824e-11 1.26953e-10 1.60802e-10 1.94073e-10 2.26555e-10 2.5816e-10 2.88756e-10 3.18282e-10 3.46496e-10 3.73451e-10 3.98941e-10 4.22858e-10 4.45112e-10 4.6569e-10 4.84459e-10 5.01323e-10 5.1633e-10 5.29205e-10 5.40105e-10 5.48887e-10 5.55552e-10 5.60057e-10 5.62412e-10 5.62565e-10 5.60522e-10 5.56369e-10 5.50006e-10 5.41508e-10 5.30974e-10 5.18281e-10 5.03672e-10 4.87042e-10 4.68589e-10 4.48281e-10 4.26219e-10 4.02535e-10 3.77302e-10 3.50612e-10 3.22526e-10 
8.85945e-11 1.21471e-10 1.53896e-10 1.85692e-10 2.16792e-10 2.47063e-10 2.76337e-10 3.04562e-10 3.3163e-10 3.57341e-10 3.81718e-10 4.04629e-10 4.2597e-10 4.45656e-10 4.63601e-10 4.79741e-10 4.94062e-10 5.06439e-10 5.16824e-10 5.25276e-10 5.31635e-10 5.35973e-10 5.38169e-10 5.38353e-10 5.36396e-10 5.32378e-10 5.26324e-10 5.18217e-10 5.08063e-10 4.95994e-10 4.81975e-10 4.66105e-10 4.48406e-10 4.28972e-10 4.07933e-10 3.85224e-10 3.61048e-10 3.35513e-10 3.08635e-10 
8.40625e-11 1.15269e-10 1.46016e-10 1.76188e-10 2.05727e-10 2.34397e-10 2.62171e-10 2.88995e-10 3.14614e-10 3.3905e-10 3.62238e-10 3.83963e-10 4.04178e-10 4.22837e-10 4.39897e-10 4.55174e-10 4.68756e-10 4.80494e-10 4.90409e-10 4.98357e-10 5.04439e-10 5.08493e-10 5.10639e-10 5.10799e-10 5.08962e-10 5.05139e-10 4.99394e-10 4.91717e-10 4.82068e-10 4.70624e-10 4.57295e-10 4.42267e-10 4.25459e-10 4.07031e-10 3.87036e-10 3.65535e-10 3.42579e-10 3.18355e-10 2.92834e-10 
7.90119e-11 1.08342e-10 1.37246e-10 1.6559e-10 1.93342e-10 2.20304e-10 2.46438e-10 2.71621e-10 2.95751e-10 3.18735e-10 3.40425e-10 3.60878e-10 3.79902e-10 3.97431e-10 4.13433e-10 4.27885e-10 4.40615e-10 4.51635e-10 4.60965e-10 4.68422e-10 4.74106e-10 4.77989e-10 4.79957e-10 4.80131e-10 4.7838e-10 4.7482e-10 4.69381e-10 4.62158e-10 4.53124e-10 4.42327e-10 4.29893e-10 4.15657e-10 3.99904e-10 3.82595e-10 3.63777e-10 3.43544e-10 3.21998e-10 2.99226e-10 2.75225e-10 
7.34688e-11 1.00751e-10 1.27631e-10 1.53992e-10 1.7979e-10 2.0488e-10 2.29184e-10 2.52536e-10 2.75001e-10 2.96346e-10 3.16568e-10 3.35572e-10 3.53253e-10 3.69571e-10 3.8446e-10 3.97858e-10 4.09695e-10 4.1997e-10 4.28631e-10 4.35602e-10 4.40863e-10 4.4448e-10 4.46317e-10 4.4643e-10 4.44849e-10 4.41503e-10 4.36504e-10 4.29754e-10 4.21348e-10 4.11323e-10 3.99684e-10 3.86546e-10 3.71884e-10 3.55755e-10 3.3825e-10 3.19474e-10 2.99412e-10 2.78206e-10 2.55968e-10 
6.74834e-11 9.25278e-11 1.17214e-10 1.41442e-10 1.65119e-10 1.88168e-10 2.10505e-10 2.3196e-10 2.52562e-10 2.72188e-10 2.90793e-10 3.08198e-10 3.24484e-10 3.39426e-10 3.53097e-10 3.65429e-10 3.76325e-10 3.85722e-10 3.93687e-10 4.00032e-10 4.04984e-10 4.08232e-10 4.09919e-10 4.10061e-10 4.08562e-10 4.05521e-10 4.00906e-10 3.94685e-10 3.87033e-10 3.77799e-10 3.67113e-10 3.55019e-10 3.41533e-10 3.26761e-10 3.10695e-10 2.93394e-10 2.75023e-10 2.55524e-10 2.35101e-10 
6.10774e-11 8.37543e-11 1.06088e-10 1.27994e-10 1.49468e-10 1.70298e-10 1.90475e-10 2.09948e-10 2.28585e-10 2.46324e-10 2.63121e-10 2.78941e-10 2.93625e-10 3.072e-10 3.19616e-10 3.30655e-10 3.40577e-10 3.49086e-10 3.56255e-10 3.62093e-10 3.66484e-10 3.69436e-10 3.70996e-10 3.71074e-10 3.69756e-10 3.67002e-10 3.62828e-10 3.57193e-10 3.50219e-10 3.41888e-10 3.32232e-10 3.21307e-10 3.09097e-10 2.95707e-10 2.81151e-10 2.65544e-10 2.48917e-10 2.31282e-10 2.12738e-10 
5.42917e-11 7.444e-11 9.4305e-11 1.13788e-10 1.32845e-10 1.51367e-10 1.69376e-10 1.8661e-10 2.03187e-10 2.18968e-10 2.33939e-10 2.47958e-10 2.61029e-10 2.73094e-10 2.84018e-10 2.93976e-10 3.02744e-10 3.10287e-10 3.16685e-10 3.21869e-10 3.25752e-10 3.28395e-10 3.29731e-10 3.29869e-10 3.28683e-10 3.26249e-10 3.22487e-10 3.17545e-10 3.1137e-10 3.03903e-10 2.95284e-10 2.85642e-10 2.74706e-10 2.62851e-10 2.49905e-10 2.36053e-10 2.21213e-10 2.05564e-10 1.89109e-10 
4.71738e-11 6.46949e-11 8.19238e-11 9.88631e-11 1.15429e-10 1.3155e-10 1.47132e-10 1.62164e-10 1.76545e-10 1.90294e-10 2.03265e-10 2.15412e-10 2.26805e-10 2.37282e-10 2.4686e-10 2.55472e-10 2.63007e-10 2.69658e-10 2.752e-10 2.79638e-10 2.83062e-10 2.85347e-10 2.86619e-10 2.86615e-10 2.85628e-10 2.83478e-10 2.8021e-10 2.75907e-10 2.70528e-10 2.64087e-10 2.56676e-10 2.4815e-10 2.38767e-10 2.28415e-10 2.17224e-10 2.05109e-10 1.92266e-10 1.78616e-10 1.64334e-10 
3.97655e-11 5.45413e-11 6.90576e-11 8.33715e-11 9.72911e-11 1.10894e-10 1.24015e-10 1.36691e-10 1.48844e-10 1.60366e-10 1.71301e-10 1.81608e-10 1.91136e-10 2.00025e-10 2.0805e-10 2.15316e-10 2.21778e-10 2.27288e-10 2.31957e-10 2.35708e-10 2.3859e-10 2.4054e-10 2.41556e-10 2.41617e-10 2.40771e-10 2.38938e-10 2.36231e-10 2.32571e-10 2.2802e-10 2.22599e-10 2.16303e-10 2.09194e-10 2.01272e-10 1.92497e-10 1.83057e-10 1.72871e-10 1.62046e-10 1.50582e-10 1.38524e-10 
3.21076e-11 4.40181e-11 5.58025e-11 6.72742e-11 7.85754e-11 8.95319e-11 1.00158e-10 1.10369e-10 1.20206e-10 1.29525e-10 1.3836e-10 1.46667e-10 1.54369e-10 1.61499e-10 1.6805e-10 1.73852e-10 1.79064e-10 1.83558e-10 1.87324e-10 1.90415e-10 1.92678e-10 1.94252e-10 1.9504e-10 1.95122e-10 1.94397e-10 1.9298e-10 1.90745e-10 1.87814e-10 1.84148e-10 1.79771e-10 1.74651e-10 1.68914e-10 1.62505e-10 1.55463e-10 1.47878e-10 1.39632e-10 1.3085e-10 1.21609e-10 1.1185e-10 
2.4257e-11 3.3296e-11 4.21405e-11 5.085e-11 5.93339e-11 6.7665e-11 7.56515e-11 8.34355e-11 9.07754e-11 9.78844e-11 1.04531e-10 1.10813e-10 1.16607e-10 1.22032e-10 1.26956e-10 1.3133e-10 1.35284e-10 1.38623e-10 1.41519e-10 1.43817e-10 1.45594e-10 1.46755e-10 1.47391e-10 1.47395e-10 1.46898e-10 1.45771e-10 1.44105e-10 1.41892e-10 1.39099e-10 1.35799e-10 1.31962e-10 1.27621e-10 1.22757e-10 1.17431e-10 1.1169e-10 1.05448e-10 9.88827e-11 9.1859e-11 8.44942e-11 
1.62466e-11 2.23057e-11 2.8205e-11 3.41132e-11 3.98046e-11 4.5322e-11 5.06866e-11 5.587e-11 6.08296e-11 6.55653e-11 7.0024e-11 7.42162e-11 7.81633e-11 8.17835e-11 8.5052e-11 8.80505e-11 9.06191e-11 9.29035e-11 9.48646e-11 9.63567e-11 9.75113e-11 9.83498e-11 9.87086e-11 9.87619e-11 9.84137e-11 9.76961e-11 9.6545e-11 9.50706e-11 9.3241e-11 9.10063e-11 8.8427e-11 8.55138e-11 8.22915e-11 7.86926e-11 7.48521e-11 7.06351e-11 6.62332e-11 6.15756e-11 5.66445e-11 
8.14637e-12 1.12017e-11 1.41718e-11 1.70921e-11 1.9952e-11 2.27693e-11 2.53912e-11 2.80771e-11 3.05072e-11 3.28768e-11 3.5147e-11 3.72538e-11 3.91402e-11 4.10338e-11 4.26894e-11 4.41567e-11 4.55351e-11 4.65796e-11 4.76028e-11 4.82991e-11 4.89706e-11 4.93543e-11 4.95923e-11 4.95497e-11 4.9365e-11 4.90417e-11 4.84732e-11 4.76739e-11 4.68212e-11 4.56701e-11 4.43308e-11 4.29061e-11 4.12719e-11 3.94351e-11 3.75664e-11 3.54312e-11 3.32676e-11 3.08837e-11 2.83968e-11 

