27.0747 31.3554 33.4965 34.7269 35.5094 36.0437 36.427 36.7117 36.9286 37.097 37.2294 37.3345 37.4184 37.4855 37.5392 37.5819 37.6154 37.6411 37.6601 37.6731 37.6806 37.6829 37.6801 37.672 37.6584 37.6385 37.6116 37.5763 37.531 37.4732 37.3996 37.3053 37.1832 37.0222 36.8043 36.4973 36.0383 35.2884 33.8932 
20.0238 24.853 27.9071 29.9057 31.2719 32.2438 32.9585 33.4978 33.913 34.2376 34.4942 34.6988 34.8626 34.994 35.0993 35.183 35.2489 35.2995 35.3369 35.3626 35.3774 35.382 35.3765 35.3606 35.3338 35.2948 35.242 35.173 35.0846 34.9722 34.8295 34.6477 34.4142 34.11 33.7058 33.1541 32.3749 31.2287 29.4785 
15.6564 20.1309 23.38 25.7251 27.438 28.712 29.6774 30.4211 31.0022 31.4615 31.8275 32.121 32.3571 32.5474 32.7002 32.8221 32.9181 32.992 33.0467 33.0843 33.1061 33.1128 33.1049 33.0819 33.0429 32.9863 32.9097 32.81 32.6825 32.5211 32.3175 32.0604 31.7336 31.3147 30.7708 30.0538 29.0926 27.7862 26.0058 
12.6916 16.6422 19.7671 22.1886 24.057 25.5049 26.6356 27.5266 28.2346 28.8013 29.2574 29.626 29.9245 30.166 30.3608 30.5167 30.6399 30.7349 30.8053 30.8538 30.8819 30.8908 30.8808 30.8514 30.8016 30.7294 30.632 30.5054 30.3443 30.1415 29.8877 29.57 29.1717 28.6697 28.0331 27.2202 26.1768 24.8373 23.1349 
10.5431 13.9896 16.8708 19.2211 21.1153 22.6358 23.8572 24.8409 25.6363 26.2817 26.8068 27.2349 27.584 27.8681 28.0983 28.2833 28.4299 28.5433 28.6276 28.6856 28.7195 28.7304 28.7187 28.684 28.625 28.5396 28.4247 28.2758 28.0874 27.8517 27.5591 27.1967 26.7482 26.1926 25.5031 24.6469 23.5852 22.2772 20.6887 
8.91123 11.9152 14.5218 16.7292 18.57 20.092 21.3451 22.3754 23.2224 23.9192 24.4926 24.9643 25.3519 25.6693 25.9279 26.1366 26.3025 26.4313 26.5272 26.5935 26.6324 26.6451 26.6322 26.5932 26.5268 26.4308 26.302 26.1358 25.9265 25.6665 25.3464 24.954 24.4747 23.8902 23.1788 22.3158 21.2744 20.0296 18.5642 
7.62816 10.2532 12.5913 14.6269 16.3704 17.8475 19.09 20.1305 20.9994 21.7236 22.3262 22.8266 23.241 23.5827 23.8625 24.0893 24.2704 24.4114 24.5168 24.5898 24.6329 24.6473 24.6336 24.5914 24.5194 24.4155 24.2764 24.0977 23.8738 23.5976 23.2602 22.8508 22.3567 21.7628 21.0521 20.2063 19.2074 18.0402 16.6965 
6.59325 8.89545 10.9852 12.8429 14.468 15.8725 17.0757 18.0997 18.9672 19.6992 20.3148 20.8307 21.2613 21.6186 21.9129 22.1527 22.3449 22.495 22.6076 22.6859 22.7323 22.7482 22.7341 22.6898 22.614 22.5046 22.3586 22.1719 21.9391 21.6537 21.3079 20.8923 20.3962 19.8073 19.1128 18.2993 17.3548 16.2704 15.0425 
5.74269 7.76947 9.63535 11.321 12.8204 14.1377 15.2838 16.2732 17.1221 17.8466 18.462 18.9823 19.4198 19.7853 20.088 20.3358 20.5353 20.6918 20.8094 20.8916 20.9405 20.9576 20.9436 20.8981 20.8201 20.7076 20.5577 20.3668 20.13 19.8415 19.4946 19.0812 18.5925 18.0189 17.3507 16.5783 15.6938 14.692 13.572 
5.03425 6.82547 8.49244 10.0175 11.3923 12.6166 13.6959 14.6391 15.4577 16.1636 16.7687 17.2845 17.7214 18.0887 18.3947 18.6464 18.8498 19.0099 19.1307 19.2154 19.2661 19.2843 19.2706 19.2247 19.1459 19.0322 18.8811 18.6893 18.4526 18.1659 17.8233 17.4184 16.9438 16.3923 15.7564 15.0295 14.2064 13.2843 12.2636 
4.43902 6.02845 7.52021 8.89867 10.155 11.2865 12.2949 13.1858 13.9667 14.6464 15.2341 15.7388 16.1693 16.5334 16.8383 17.0903 17.2948 17.4564 17.5787 17.6647 17.7165 17.7356 17.7224 17.6769 17.5983 17.485 17.3349 17.1448 16.9113 16.63 16.2959 15.9038 15.4478 14.9224 14.3219 13.6418 12.8788 12.0315 11.1012 
3.93663 5.35325 6.69184 7.93879 9.08549 10.1279 11.0658 11.9021 12.6416 13.2906 13.8561 14.3452 14.765 15.1221 15.4227 15.6722 15.8755 16.0367 16.1591 16.2455 16.2979 16.3176 16.3051 16.2605 16.183 16.0715 15.9238 15.7375 15.5095 15.2361 14.9133 14.5367 14.1018 13.6042 13.04 12.4059 11.6999 10.9217 10.0728 
3.51242 4.78149 5.98723 7.11787 8.16531 9.12499 9.99544 10.7778 11.4749 12.0913 12.6321 13.1028 13.5092 13.8567 14.1505 14.3955 14.5959 14.7553 14.8768 14.9628 15.0152 15.0353 15.0236 14.9803 14.9046 14.7957 14.6516 14.4704 14.2494 13.9856 13.6756 13.3159 12.903 12.4336 11.9048 11.3144 10.6613 9.94568 9.16934 
3.15563 4.29953 5.39121 6.42046 7.37983 8.26463 9.07265 9.80385 10.4599 11.0436 11.5589 12.01 12.4014 12.7378 13.0235 13.2627 13.4589 13.6155 13.7352 13.8203 13.8724 13.8928 13.8819 13.84 13.7666 13.6608 13.5211 13.3458 13.1326 12.8791 12.5825 12.24 11.8489 11.4067 10.9112 10.3612 9.75594 9.09612 8.38355 
2.85825 3.89714 4.89222 5.83458 6.71742 7.53613 8.2881 8.97255 9.59017 10.1428 10.6333 11.0648 11.441 11.7657 12.0426 12.2751 12.4665 12.6197 12.7372 12.8209 12.8725 12.8929 12.8829 12.8426 12.7716 12.6691 12.5341 12.3649 12.1598 11.9167 11.6333 11.3074 10.937 10.52 10.055 9.54111 8.97825 8.36721 7.70979 
2.6143 3.56658 4.48141 5.3509 6.16887 6.93084 7.63405 8.27722 8.8604 9.38473 9.85215 10.2652 10.6268 10.94 11.2079 11.4337 11.62 11.7696 11.8845 11.9666 12.0174 12.0379 12.0287 11.9899 11.9213 11.8223 11.6918 11.5287 11.3314 11.0981 10.8271 10.5166 10.1648 9.77041 9.33231 8.85003 8.32371 7.75428 7.14354 
2.41928 3.30203 4.15203 4.96223 5.72692 6.44185 7.10414 7.71226 8.26584 8.76547 9.21253 9.60898 9.95718 10.2597 10.5193 10.7386 10.92 11.0659 11.1782 11.2587 11.3087 11.3291 11.3205 11.2832 11.2168 11.121 10.9949 10.8374 10.6472 10.4229 10.1629 9.86586 9.53038 9.15538 8.74015 8.28444 7.78858 7.25358 6.68116 
2.26985 3.09911 3.89901 4.66307 5.38598 6.06367 6.69328 7.2731 7.80248 8.28168 8.71168 9.09403 9.43072 9.72396 9.97611 10.1895 10.3664 10.5089 10.6188 10.6977 10.7468 10.7671 10.7591 10.723 10.6586 10.5657 10.4433 10.2907 10.1067 9.89001 9.6394 9.35363 9.03162 8.67251 8.2758 7.84142 7.36982 6.86202 6.31972 
2.16355 2.95464 3.71857 4.44931 5.14181 5.79214 6.39748 6.95605 7.46704 7.9305 8.34717 8.71835 9.04577 9.3314 9.57736 9.78581 9.95883 10.0983 10.2061 10.2836 10.3319 10.352 10.3444 10.3093 10.2466 10.156 10.0368 9.88814 9.70909 9.49852 9.25528 8.97832 8.6667 8.31971 7.93699 7.51856 7.06494 6.57717 6.05687 
2.09873 2.86641 3.60813 4.31807 4.99137 5.6242 6.21377 6.75829 7.25691 7.70956 8.1169 8.48009 8.80073 9.08067 9.32192 9.52651 9.69643 9.83353 9.93949 10.0157 10.0633 10.0832 10.0758 10.0415 9.98004 9.8912 9.77435 9.62871 9.45333 9.24718 9.0092 8.73841 8.43395 8.09518 7.7218 7.31388 6.87195 6.39706 5.89078 
2.07439 2.8331 3.56608 4.26756 4.93274 5.55784 6.14013 6.67784 7.17014 7.61702 8.01911 8.3776 8.69406 8.97034 9.20842 9.41031 9.578 9.7133 9.81786 9.89308 9.94007 9.95968 9.95243 9.91853 9.85792 9.77026 9.65495 9.51122 9.33814 9.13466 8.89976 8.63245 8.33186 7.99738 7.62867 7.22581 6.78932 6.32021 5.82006 
2.09015 2.85421 3.59178 4.297 4.96502 5.59206 6.17543 6.71348 7.20548 7.65153 8.05242 8.40944 8.72429 8.99891 9.23536 9.43573 9.60203 9.73613 9.83971 9.91417 9.96065 9.97998 9.97268 9.93897 9.87875 9.79167 9.67709 9.53422 9.36206 9.15954 8.92556 8.65905 8.3591 8.025 7.65636 7.25318 6.81593 6.3456 5.84375 
2.14629 2.93004 3.68555 4.40667 5.08837 5.72686 6.3195 6.86481 7.36229 7.81227 8.21579 8.57441 8.89006 9.16487 9.40111 9.60101 9.76671 9.90016 10.0031 10.077 10.1231 10.1421 10.1346 10.1008 10.0406 9.95357 9.83898 9.69598 9.52347 9.32028 9.08517 8.81694 8.51451 8.17703 7.80397 7.39521 6.95113 6.47266 5.96136 
2.24374 3.06181 3.84874 4.5979 5.30403 5.96326 6.57308 7.13226 7.64062 8.0989 8.50854 8.87149 9.19004 9.46667 9.7039 9.90421 10.0699 10.2032 10.3058 10.3793 10.425 10.4437 10.4359 10.4018 10.3413 10.2538 10.1385 9.99454 9.82058 9.61528 9.37719 9.10491 8.79711 8.45272 8.07098 7.65156 7.19471 6.70128 6.17284 
2.38422 3.25172 4.08383 4.87328 5.61445 6.30343 6.93792 7.51707 8.0412 8.51162 8.93034 9.29987 9.62301 9.90266 10.1418 10.3431 10.5092 10.6425 10.7449 10.8182 10.8635 10.8818 10.8736 10.839 10.7779 10.6896 10.5733 10.4277 10.2514 10.0428 9.8002 9.52186 9.20615 8.85163 8.45723 8.02235 7.547 7.03193 6.4787 
2.5704 3.50316 4.39466 5.23676 6.02343 6.75078 7.41686 8.02139 8.56544 9.0511 9.48117 9.85888 10.1877 10.4711 10.7125 10.9151 11.0818 11.2152 11.3175 11.3903 11.4352 11.4531 11.4444 11.4093 11.3475 11.2582 11.1405 10.9929 10.8137 10.601 10.3528 10.0668 9.74106 9.37365 8.96305 8.50824 8.00893 7.46568 6.88004 
2.8061 3.82105 4.78678 5.69404 6.53642 7.31016 8.01392 8.64832 9.21545 9.71848 10.1612 10.5479 10.8828 11.1701 11.4137 11.6175 11.7845 11.9178 12.0196 12.092 12.1363 12.1537 12.1445 12.1088 12.0463 11.9561 11.837 11.6873 11.5051 11.2879 11.0334 10.7388 10.4015 10.019 9.58922 9.11052 8.58216 8.0044 7.37873 
3.09674 4.21226 5.26783 6.25293 7.16077 7.98808 8.73449 9.40195 9.99401 10.5153 10.9709 11.3663 11.7068 11.9973 12.2426 12.4467 12.6136 12.7462 12.8472 12.9188 12.9624 12.979 12.9693 12.9333 12.8703 12.7794 12.6592 12.5078 12.3227 12.1013 11.8405 11.537 11.1874 10.7884 10.3372 9.83123 9.26921 8.65089 7.9776 
3.44986 4.68629 5.84831 6.92392 7.90625 8.79297 9.58539 10.2874 10.9046 11.4434 11.9107 12.3134 12.6579 12.9502 13.1957 13.3991 13.5647 13.6958 13.7954 13.8656 13.9082 13.9242 13.914 13.8777 13.8146 13.7236 13.603 13.4505 13.2635 13.0387 12.7723 12.4605 12.0987 11.6829 11.2089 10.6733 10.0737 9.40915 8.68069 
3.87595 5.25627 6.54244 7.72097 8.7855 9.73556 10.5751 11.3108 11.951 12.5047 12.9809 13.388 13.7338 14.0255 14.2691 14.47 14.6329 14.7614 14.8586 14.927 14.9681 14.9832 14.9727 14.9365 14.8739 14.7835 14.6635 14.5113 14.3238 14.0971 13.827 13.5083 13.1359 12.7041 12.2074 11.6409 11.0007 10.2848 9.49363 
4.38986 5.94044 7.36958 8.66258 9.81477 10.8291 11.7136 12.4791 13.1376 13.7012 14.1813 14.5884 14.9317 15.2192 15.4581 15.6542 15.8124 15.9368 16.0306 16.0963 16.1356 16.1497 16.139 16.1033 16.0419 15.9533 15.8353 15.6852 15.4993 15.2733 15.002 14.6795 14.2992 13.854 13.3363 12.7393 12.057 11.2855 10.4243 
5.01286 6.76452 8.35619 9.77312 11.0146 12.0897 13.0126 13.7999 14.4685 15.0342 15.5112 15.912 16.2474 16.5266 16.7571 16.9454 17.0966 17.2151 17.3042 17.3663 17.4033 17.4162 17.4055 17.371 17.3118 17.2263 17.1122 16.9663 16.7849 16.5629 16.2944 15.9725 15.589 15.1349 14.6005 13.9757 13.2518 12.4219 11.4835 
5.77626 7.76534 9.53872 11.0846 12.4107 13.5361 14.4847 15.2807 15.9471 16.5039 16.9683 17.355 17.676 17.9414 18.1592 18.3363 18.478 18.5885 18.6713 18.7289 18.763 18.7747 18.7643 18.7316 18.6757 18.5949 18.4868 18.3481 18.1745 17.9608 17.7003 17.3849 17.0051 16.5495 16.0054 15.3592 14.5973 13.7084 12.6864 
6.72756 8.99678 10.9676 12.6385 14.0339 15.1895 16.1428 16.9281 17.5752 18.1087 18.5487 18.9117 19.2106 19.4561 19.6564 19.8185 19.9477 20.0482 20.1232 20.1752 20.2058 20.216 20.2063 20.1762 20.1248 20.0505 19.9509 19.8225 19.661 19.4607 19.2146 18.9136 18.5466 18.1001 17.5577 16.9009 16.1096 15.1652 14.0547 
7.94197 10.5396 12.713 14.4877 15.92 17.0715 17.998 18.7458 19.3516 19.8442 20.246 20.5743 20.8426 21.0615 21.2392 21.3824 21.496 21.5842 21.6498 21.6951 21.7217 21.7304 21.7216 21.6949 21.6494 21.5836 21.495 21.3804 21.2355 21.0546 20.8304 20.5533 20.211 19.7879 19.2638 18.6141 17.8098 16.8203 15.6199 
9.54502 12.5177 14.8708 16.6961 18.1063 19.2006 20.0567 20.7325 21.2705 21.7021 22.0502 22.3322 22.561 22.7466 22.8965 23.0169 23.1121 23.1857 23.2404 23.2781 23.3001 23.3072 23.2996 23.2771 23.2388 23.1833 23.1084 23.0112 22.8876 22.7324 22.5384 22.2961 21.9929 21.6115 21.1287 20.5133 19.7247 18.7135 17.4299 
11.7613 15.1241 17.5678 19.3331 20.6242 21.5858 22.3156 22.8788 23.3198 23.6689 23.9478 24.1719 24.3526 24.4985 24.6159 24.7098 24.7838 24.841 24.8834 24.9125 24.9295 24.9349 24.9289 24.9113 24.8813 24.8379 24.7792 24.7027 24.6051 24.4818 24.3265 24.1307 23.8825 23.5647 23.153 22.6111 21.8858 20.9013 19.561 
15.0301 18.6565 20.9515 22.4547 23.4835 24.2164 24.7561 25.1641 25.4788 25.7253 25.9206 26.0766 26.2018 26.3024 26.3832 26.4476 26.4984 26.5374 26.5664 26.5862 26.5978 26.6014 26.5973 26.5851 26.5646 26.5347 26.4943 26.4415 26.3738 26.288 26.1793 26.0411 25.8639 25.6334 25.3278 24.9114 24.3241 23.4614 22.1456 
20.3121 23.5248 25.1328 26.0577 26.6466 27.0492 27.3385 27.5538 27.7181 27.8459 27.9466 28.0266 28.0907 28.1421 28.1833 28.2161 28.2419 28.2617 28.2764 28.2864 28.2923 28.2941 28.292 28.2858 28.2753 28.2601 28.2395 28.2125 28.1779 28.1338 28.0778 28.0062 27.9136 27.7917 27.627 27.3954 27.0498 26.4859 25.4379 

27.1849 31.5064 33.6877 34.9573 35.7781 36.3494 36.7683 37.0872 37.3366 37.5357 37.697 37.8289 37.9376 38.0273 38.1014 38.1621 38.2113 38.2504 38.2803 38.3019 38.3155 38.3214 38.3198 38.3105 38.2932 38.2673 38.2321 38.1862 38.128 38.0552 37.9644 37.8508 37.7074 37.5233 37.2803 36.9465 36.4592 35.6793 34.2528 
20.2434 25.1539 28.288 30.3648 31.8072 32.8529 33.6386 34.2459 34.7259 35.1117 35.4257 35.6838 35.8969 36.0733 36.2192 36.3389 36.4361 36.5133 36.5725 36.6151 36.6421 36.6539 36.6508 36.6325 36.5985 36.5476 36.4782 36.3881 36.274 36.1316 35.9546 35.7345 35.4586 35.1082 34.6541 34.0492 33.2133 32.0075 30.1948 
15.9837 20.5794 23.9477 26.4093 28.2357 29.6197 30.6909 31.536 32.2136 32.7641 33.2157 33.5889 33.8986 34.1559 34.3691 34.5447 34.6874 34.801 34.8882 34.951 34.9908 35.0084 35.004 34.9774 34.9276 34.8533 34.7521 34.6208 34.4551 34.249 33.9943 33.68 33.2901 32.8023 32.1842 31.3877 30.3422 28.9468 27.0733 
13.124 17.2347 20.5171 23.0926 25.1111 26.7041 27.9748 28.9997 29.8352 30.5224 31.0916 31.5655 31.9611 32.2913 32.5659 32.7927 32.9776 33.125 33.2383 33.3202 33.3722 33.3954 33.3901 33.3559 33.2919 33.1963 33.0662 32.898 32.6864 32.4245 32.1032 31.71 31.2282 30.6352 29.9005 28.9826 27.8279 26.3709 24.5454 
11.0773 14.7217 17.7974 20.338 22.4175 24.1175 25.5116 26.6609 27.6138 28.408 29.073 29.6312 30.1002 30.4938 30.8227 31.0953 31.3181 31.4962 31.6335 31.7328 31.7962 31.8248 31.8189 31.7783 31.7018 31.5874 31.4321 31.2319 30.9811 30.6724 30.2964 29.8406 29.289 28.621 27.8103 26.8244 25.6251 24.1719 22.4314 
9.54315 12.7812 15.618 18.0505 20.1105 21.8447 23.3023 24.5284 25.5617 26.4347 27.1734 27.7991 28.3286 28.7756 29.1509 29.4632 29.7193 29.9246 30.0833 30.1984 30.2722 30.3058 30.2998 30.2538 30.1668 30.0365 29.8599 29.6329 29.3498 29.0035 28.5847 28.0818 27.4806 26.7631 25.9084 24.8919 23.6876 22.2711 20.6258 
8.35308 11.2466 13.8487 16.1426 18.1376 19.8582 21.3352 22.6003 23.683 24.6093 25.4016 26.0786 26.6559 27.1462 27.5599 27.9056 28.1902 28.419 28.5964 28.7255 28.8085 28.8469 28.8412 28.791 28.6953 28.552 28.3582 28.1097 27.8011 27.4258 26.9753 26.4392 25.8052 25.0588 24.1835 23.1617 21.9759 20.6118 19.0617 
7.4058 10.009 12.3946 14.5419 16.4489 18.1263 19.5924 20.8682 21.9753 22.9338 23.7621 24.4759 25.089 25.613 26.0574 26.4305 26.7386 26.9872 27.1805 27.3216 27.4129 27.4556 27.4505 27.3973 27.2949 27.1414 26.9341 26.669 26.3414 25.9449 25.4723 24.9147 24.2617 23.5019 22.6229 21.6121 20.4582 19.153 17.6937 
6.63694 8.99498 11.1865 13.1908 15.0004 16.6181 18.0535 19.32 20.4326 21.4065 22.256 22.9941 23.6325 24.1814 24.6494 25.0439 25.3711 25.6359 25.8424 25.9937 26.092 26.1387 26.1345 26.0792 25.9719 25.8109 25.5935 25.3164 24.9752 24.5646 24.078 23.5082 22.8469 22.0852 21.2139 20.2244 19.1094 17.8647 16.4901 
6.00379 8.15416 10.1742 12.0447 13.7559 15.3059 16.6989 17.9426 19.0471 20.0233 20.8822 21.6342 22.289 22.8552 23.3403 23.751 24.0929 24.3705 24.5877 24.7473 24.8516 24.9019 24.8988 24.8424 24.7317 24.5655 24.3412 24.056 23.7061 23.2868 22.793 22.2184 21.5568 20.8013 19.9452 18.9829 17.9098 16.7242 15.4275 
5.47702 7.45097 9.32076 11.0691 12.6855 14.1657 15.51 16.7226 17.8096 18.7788 19.6381 20.3958 21.0595 21.6366 22.1333 22.5556 22.9083 23.1957 23.4212 23.5875 23.6967 23.7501 23.7484 23.6915 23.579 23.4094 23.1809 22.8909 22.5362 22.1129 21.6168 21.0432 20.3869 19.6429 18.8068 17.8746 16.844 15.7146 14.4887 
5.03593 6.85976 8.59871 10.2374 11.7654 13.1771 14.4708 15.6477 16.7115 17.6671 18.5203 19.2773 19.9442 20.5268 21.0306 21.4604 21.8207 22.1152 22.3469 22.5184 22.6315 22.6876 22.6873 22.6306 22.5172 22.346 22.1154 21.8232 21.4669 21.0432 20.5488 19.9799 19.3328 18.6039 17.79 16.8889 15.8996 14.8226 13.6606 
4.66556 6.3618 7.98751 9.52905 10.9765 12.3236 13.5672 14.7069 15.7442 16.6822 17.5248 18.2765 18.9421 19.5262 20.0333 20.4675 20.8326 21.1318 21.3679 21.5432 21.6594 21.7177 21.7188 21.6628 21.5495 21.378 21.1469 20.8546 20.499 20.0775 19.5875 19.0261 18.3906 17.6785 16.8879 16.0173 15.0669 14.0379 12.9331 
4.35496 5.94314 7.47163 8.92824 10.3037 11.5914 12.7875 13.8904 14.9002 15.8185 16.6477 17.3911 18.0522 18.6347 19.1421 19.5781 19.9457 20.2477 20.4867 20.6647 20.7831 20.8432 20.8457 20.7907 20.6781 20.5072 20.277 19.9861 19.6329 19.2154 18.7316 18.1793 17.5567 16.8621 16.0942 15.2528 14.3383 13.3525 12.2984 
4.09598 5.59336 7.03923 8.42264 9.73486 10.9694 12.1219 13.19 14.1727 15.0706 15.8851 16.6183 17.2728 17.8515 18.3573 18.7929 19.1612 19.4646 19.7051 19.8847 20.0047 20.0663 20.07 20.0161 19.9047 19.7351 19.5067 19.2183 18.8686 18.4563 17.9796 17.4373 16.8278 16.1503 15.4042 14.5897 13.7076 12.7601 11.7502 
3.88253 5.30461 6.68133 8.00275 9.26067 10.4488 11.5624 12.5986 13.556 14.434 15.2335 15.9557 16.6024 17.1759 17.6784 18.1123 18.48 18.7834 19.0244 19.2048 19.3258 19.3884 19.3932 19.3406 19.2306 19.0628 18.8366 18.5514 18.2059 17.7993 17.3303 16.7979 16.2012 15.5399 14.8137 14.0233 13.1699 12.2558 11.2838 
3.71008 5.07099 6.39111 7.66128 8.87377 10.0224 11.1024 12.1106 13.045 13.9047 14.6897 15.4009 16.0393 16.6068 17.1052 17.5363 17.9022 18.2047 18.4455 18.626 18.7474 18.8107 18.8165 18.7651 18.6566 18.4908 18.2672 17.9854 17.6445 17.2437 16.7822 16.2593 15.6746 15.0279 14.3194 13.5501 12.7213 11.8354 10.8953 
3.57528 4.88814 6.16348 7.39273 8.56854 9.68485 10.7369 11.7214 12.6359 13.4793 14.2511 14.9517 15.582 16.1432 16.6368 17.0646 17.4281 17.729 17.9688 18.1489 18.2703 18.3339 18.3404 18.2901 18.1831 18.0194 17.7986 17.5202 17.1837 16.7885 16.3341 15.8199 15.2458 14.6119 13.9187 13.1671 12.3588 11.4961 10.5819 
3.47575 4.75293 5.99478 7.19312 8.34085 9.43208 10.4621 11.4274 12.3256 13.1551 13.9154 14.6065 15.229 15.784 16.2727 16.6967 17.0573 17.3561 17.5944 17.7736 17.8946 17.9583 17.9652 17.9159 17.8104 17.6486 17.4304 17.1554 16.8231 16.4331 15.985 15.4784 14.9134 14.2902 13.6093 12.8721 12.08 11.2355 10.3413 
3.40988 4.66327 5.88252 7.0597 8.18788 9.26126 10.2752 11.2261 12.1116 12.9301 13.6807 14.3636 14.9792 15.5283 16.0121 16.432 16.7894 17.0857 17.3221 17.5 17.6202 17.6837 17.6909 17.6423 17.5381 17.3781 17.1624 16.8904 16.5619 16.1765 15.7338 15.2336 14.6759 14.0611 13.3899 12.6634 11.8832 11.0518 10.172 
3.37679 4.61798 5.82531 6.99091 8.10793 9.17066 10.1745 11.1159 11.9925 12.8028 13.5459 14.222 14.8314 15.375 15.8541 16.2699 16.6238 16.9173 17.1515 17.3276 17.4468 17.5097 17.5169 17.4689 17.3658 17.2075 16.994 16.7248 16.3996 16.018 15.5797 15.0846 14.5325 13.9238 13.2592 12.5398 11.7674 10.9441 10.0729 
3.37625 4.61673 5.82272 6.98625 8.10046 9.15965 10.1593 11.096 11.9675 12.7724 13.5101 14.1807 14.7848 15.3235 15.7979 16.2095 16.5598 16.85 17.0816 17.2558 17.3735 17.4356 17.4427 17.395 17.2928 17.136 16.9244 16.6576 16.3353 15.9569 15.5221 15.0306 14.4822 13.8773 13.2165 12.5008 11.7318 10.9118 10.0435 
3.40867 4.66006 5.87535 7.04633 8.166 9.22866 10.2299 11.1665 12.0365 12.8387 13.5728 14.2393 14.8389 15.3729 15.8427 16.25 16.5962 16.883 17.1116 17.2834 17.3994 17.4604 17.467 17.4195 17.3181 17.1626 16.9528 16.6882 16.3683 15.9925 15.5602 15.0711 14.5249 13.9216 13.2617 12.5462 11.7765 10.9547 10.0837 
3.47517 4.74942 5.98486 7.17286 8.30622 9.37922 10.3876 11.3285 12.2003 13.0021 13.7343 14.3975 14.9931 15.5226 15.9877 16.3903 16.7321 17.0149 17.2401 17.4091 17.523 17.5827 17.5886 17.5412 17.4404 17.2862 17.0781 16.8155 16.4977 16.124 15.6936 15.2059 14.6602 14.0566 13.395 12.6763 11.9018 11.0735 10.1942 
3.57768 4.88729 6.15408 7.36883 8.52406 9.61406 10.6349 11.584 12.4603 13.2637 13.995 14.6555 15.2471 15.7718 16.2318 16.6292 16.966 17.2442 17.4655 17.6313 17.7427 17.8007 17.8058 17.7583 17.6583 17.5053 17.2989 17.0383 16.7227 16.3509 15.9219 15.4347 14.8885 14.2827 13.6172 12.8922 12.109 11.2694 10.3761 
3.71908 5.07737 6.38724 7.63869 8.82388 9.93721 10.9751 11.9357 12.8187 13.6249 14.3558 15.0136 15.6008 16.1201 16.5741 16.9654 17.2964 17.5693 17.7859 17.9478 18.0564 18.1124 18.1166 18.069 17.9697 17.8182 17.6138 17.3556 17.0422 16.6725 16.2448 15.7579 15.2103 14.601 13.9294 13.1955 12.3998 11.5442 10.6313 
3.90345 5.32491 6.69032 7.98864 9.21173 10.3542 11.4132 12.3877 13.2787 14.0879 14.818 15.4723 16.054 16.5666 17.0134 17.3974 17.7214 17.9879 18.199 18.3564 18.4616 18.5154 18.5185 18.4709 18.3726 18.223 18.0211 17.7657 17.4553 17.0881 16.6622 16.1756 15.6263 15.0128 14.3337 13.5883 12.7769 11.9007 10.9623 
4.13649 5.63717 7.07144 8.42706 9.69563 10.8723 11.9553 12.945 13.8439 14.6553 15.3832 16.0322 16.6065 17.1105 17.5482 17.9232 18.2387 18.4976 18.7021 18.8543 18.9555 19.0068 19.0087 18.9613 18.8644 18.7172 18.5186 18.267 17.9605 17.5969 17.1737 16.6883 16.1379 15.52 14.8325 14.0739 13.2437 12.3426 11.3731 
4.42601 6.02405 7.5416 8.96507 10.2861 11.5008 12.6092 13.6138 14.519 15.3301 16.0531 16.6938 17.2579 17.7506 18.1768 18.5406 18.8457 19.0954 19.2922 19.4381 19.5348 19.5832 19.5839 19.537 19.4421 19.2982 19.1039 18.8574 18.5564 18.1981 17.7793 17.2967 16.7464 16.1251 15.4293 14.6565 13.805 12.875 11.8684 
4.78286 6.49913 8.11562 9.61734 10.9965 12.2513 13.3843 14.4012 15.309 16.1158 16.8295 17.4577 18.0075 18.4854 18.8968 19.2468 19.5393 19.7779 19.9655 20.1041 20.1956 20.2408 20.2404 20.1944 20.1021 19.9626 19.7742 19.5346 19.2412 18.8905 18.4788 18.0014 17.4539 16.8311 16.1284 15.3414 14.4673 13.5048 12.4552 
5.22224 7.08117 8.81347 10.4031 11.8441 13.1381 14.292 15.3155 16.2197 17.0155 17.7136 18.3236 18.8541 19.3126 19.7055 20.0383 20.3156 20.541 20.7177 20.8479 20.9334 20.9751 20.9737 20.9291 20.8405 20.7067 20.526 20.2956 20.0125 19.6727 19.2714 18.8033 18.2623 17.6418 16.935 16.1357 15.2387 14.2409 13.1425 
5.76583 7.79642 9.66232 11.3476 12.8503 14.1784 15.345 16.3657 17.2565 18.0322 18.7064 19.2909 19.7957 20.2294 20.5993 20.9112 21.1701 21.3801 21.5441 21.6646 21.7433 21.7812 21.779 21.7363 21.6525 21.5262 21.3552 21.1369 20.8675 20.5425 20.1564 19.7028 19.1739 18.5613 17.8557 17.0481 16.1299 15.0953 13.9423 
6.44535 8.68229 10.6994 12.4837 14.0419 15.3922 16.5573 17.5607 18.4245 19.1679 19.8076 20.3575 20.829 21.2317 21.5734 21.8603 22.0977 22.2895 22.4389 22.5483 22.6195 22.6534 22.6505 22.6106 22.5328 22.4157 22.2571 22.054 21.8023 21.4971 21.1321 20.6997 20.1906 19.5942 18.8981 18.0892 17.1547 16.0839 14.8713 
7.30878 9.79331 11.9759 13.8539 15.4509 16.8018 17.9432 18.9087 19.7272 20.4229 21.0152 21.5198 21.9495 22.3142 22.6222 22.8797 23.092 23.263 23.3959 23.4929 23.5558 23.5853 23.5821 23.5457 23.4753 23.3695 23.226 23.0416 22.8123 22.5325 22.1957 21.793 21.3138 20.7449 20.0704 19.2724 18.3312 17.2287 15.9526 
8.43183 11.2109 13.5627 15.512 17.1142 18.4303 19.5154 20.415 21.1653 21.7946 22.3247 22.7724 23.1509 23.4703 23.7387 23.9624 24.1461 24.2937 24.408 24.4913 24.5451 24.5701 24.5667 24.5347 24.4732 24.3808 24.2552 24.0935 23.8914 23.6435 23.3428 22.98 22.5431 22.0168 21.3815 20.6128 19.6821 18.5594 17.2195 
9.94054 13.0597 15.5569 17.5231 19.0705 20.2977 21.2819 22.0803 22.735 23.2769 23.7286 24.107 24.4248 24.6916 24.9147 25.1 25.2518 25.3734 25.4675 25.5358 25.5797 25.6 25.5968 25.57 25.5188 25.4418 25.3371 25.2018 25.032 24.8227 24.567 24.2555 23.8759 23.4112 22.8385 22.127 21.2364 20.1177 18.7214 
12.0601 15.5336 18.0861 19.9579 21.3526 22.4146 23.2411 23.897 24.4261 24.8586 25.2157 25.5126 25.7605 25.9677 26.1404 26.2834 26.4002 26.4936 26.5657 26.618 26.6516 26.6669 26.6642 26.6434 26.6037 26.544 26.4628 26.3575 26.225 26.0609 25.8589 25.6109 25.3049 24.9243 24.4446 23.8301 23.0278 21.962 20.5367 
15.2303 18.9309 21.2988 22.8734 23.9716 24.7718 25.3763 25.8464 26.2201 26.5225 26.7702 26.975 27.1452 27.287 27.4048 27.5021 27.5815 27.6448 27.6937 27.7291 27.7517 27.762 27.7601 27.7458 27.7187 27.678 27.6224 27.5503 27.4593 27.3462 27.2062 27.0329 26.8171 26.5445 26.1933 25.7283 25.0893 24.1722 22.7994 
20.4125 23.6624 25.307 26.2676 26.8914 27.3278 27.6496 27.896 28.0899 28.2457 28.3727 28.4772 28.5639 28.6359 28.6957 28.7449 28.7851 28.8171 28.8418 28.8596 28.871 28.8762 28.8752 28.8679 28.8542 28.8335 28.8053 28.7687 28.7223 28.6645 28.5928 28.5036 28.3916 28.2486 28.0611 27.8051 27.4336 26.8424 25.7658 

27.2402 31.5822 33.7837 35.0731 35.9133 36.5034 36.9405 37.2769 37.5432 37.7582 37.9345 38.0806 38.2025 38.3043 38.3894 38.4601 38.518 38.5646 38.6009 38.6275 38.6448 38.6533 38.6529 38.6436 38.6249 38.5964 38.5573 38.5063 38.4417 38.3613 38.2617 38.1383 37.9839 37.7877 37.5317 37.1839 36.6816 35.886 34.4428 
20.3535 25.3049 28.4793 30.5957 32.0766 33.1599 33.9819 34.6242 35.1376 35.5552 35.8994 36.1856 36.425 36.6256 36.7934 36.9329 37.0475 37.1398 37.2116 37.2643 37.2988 37.3156 37.315 37.2966 37.2599 37.2037 37.1266 37.0262 36.8994 36.7419 36.5474 36.3076 36.0098 35.6354 35.1553 34.5224 33.6568 32.4195 30.5738 
16.1481 20.8048 24.2332 26.7538 28.6378 30.0778 31.2032 32.1005 32.828 33.4259 33.9225 34.3378 34.6866 34.98 35.226 35.431 35.5998 35.7357 35.8417 35.9196 35.9707 35.9958 35.9951 35.9683 35.9145 35.8324 35.7195 35.5729 35.3883 35.1596 34.8789 34.5351 34.1126 33.589 32.9319 32.0937 31.0039 29.5616 27.6388 
13.3416 17.5331 20.895 23.5486 25.6432 27.3104 28.6528 29.7468 30.6484 31.3984 32.0271 32.5567 33.0041 33.382 33.7001 33.9659 34.1851 34.3622 34.5004 34.6022 34.6692 34.7023 34.7018 34.6675 34.5982 34.4921 34.3467 34.1582 33.9215 33.6299 33.274 32.8419 32.3168 31.6764 30.8902 29.9172 28.7036 27.1845 25.2939 
11.3467 15.0911 18.2653 20.9025 23.0764 24.8682 26.3511 27.5859 28.6206 29.4928 30.2312 30.8584 31.3917 31.8444 32.2271 32.5479 32.8133 33.0282 33.1962 33.3203 33.4021 33.443 33.4431 33.4022 33.3192 33.192 33.0177 32.7924 32.5105 32.1648 31.7461 31.2421 30.6369 29.9102 29.0358 27.9816 26.7095 25.1795 23.3582 
9.86273 13.2193 16.173 18.7201 20.8921 22.7352 24.2981 25.6256 26.756 27.7213 28.5473 29.2548 29.8604 30.3775 30.8166 31.1862 31.4928 31.7417 31.9369 32.0813 32.177 32.2252 32.2263 32.18 32.0852 31.9397 31.7406 31.4838 31.1639 30.7737 30.3043 29.7442 29.0793 28.2922 27.3619 26.2644 24.9738 23.4662 21.7251 
8.72081 11.7508 14.4874 16.9131 19.037 20.8829 22.4811 23.8628 25.0572 26.0898 26.9825 27.7537 28.4185 28.9894 29.4766 29.8882 30.2309 30.5099 30.7293 30.892 31.0003 31.0555 31.0579 31.0074 30.9027 30.742 30.5222 30.2395 29.8885 29.4627 28.9539 28.352 27.6448 26.8183 25.8561 24.741 23.4559 21.9869 20.3266 
7.81938 10.576 13.1129 15.4085 17.4603 19.2787 20.8811 22.2881 23.5208 24.5989 25.54 26.3598 27.0714 27.6861 28.2131 28.6602 29.0338 29.3388 29.5793 29.7583 29.878 29.9396 29.9437 29.89 29.7775 29.6044 29.3679 29.0644 28.689 28.2358 27.6977 27.066 26.3307 25.4808 24.504 23.3883 22.1228 20.6995 19.1164 
7.09379 9.62133 11.9799 14.1481 16.1177 17.8911 19.4771 20.8885 22.1399 23.2457 24.2199 25.0751 25.8223 26.4714 27.0306 27.507 27.9063 28.2335 28.4921 28.6853 28.815 28.8825 28.8885 28.8327 28.7143 28.5315 28.282 27.9624 27.5684 27.0951 26.5362 25.8846 25.1324 24.2711 23.2919 22.1864 20.9481 19.573 18.0615 
6.50106 8.83593 11.0378 13.0866 14.972 16.6915 18.2483 19.6498 20.9053 22.0252 23.0199 23.8993 24.6725 25.3477 25.9321 26.432 26.8524 27.1979 27.4719 27.6771 27.8155 27.8884 27.8964 27.8395 27.7167 27.5268 27.2675 26.936 26.5287 26.0412 25.4686 24.805 24.0445 23.1805 22.207 21.1185 19.9112 18.5837 17.1379 
6.01161 8.18389 10.2491 12.1892 13.9929 15.6552 17.1757 18.5579 19.8073 20.9309 21.9362 22.8308 23.6219 24.3161 24.9196 25.4377 25.875 26.2353 26.5218 26.7371 26.8831 26.9608 26.971 26.9136 26.788 26.593 26.3268 25.987 25.5706 25.074 24.4933 23.8239 23.0612 22.2008 21.2383 20.1705 18.9955 17.7136 16.3275 
5.6045 7.63928 9.58609 11.4287 13.1559 14.7613 16.2424 17.5997 18.8362 19.956 20.9645 21.8671 22.6694 23.3767 23.994 24.5258 24.976 25.348 25.6447 25.8682 26.0204 26.1024 26.1147 26.0575 25.9302 25.732 25.4613 25.1162 24.6942 24.1925 23.608 22.9374 22.1772 21.3243 20.3761 19.3308 18.1879 16.9486 15.6164 
5.26458 7.18306 9.02777 10.7842 12.4415 13.9926 15.4337 16.7635 17.9827 19.0938 20.0999 21.0051 21.8133 22.5288 23.1554 23.697 24.1568 24.5377 24.8423 25.0725 25.2298 25.3154 25.3298 25.2732 25.1453 24.9453 24.672 24.3239 23.8992 23.3955 22.8106 22.142 21.3874 20.5447 19.6124 18.59 17.4778 16.2778 14.9936 
4.9807 6.80104 8.55829 10.2393 11.834 13.3349 14.7373 16.0387 17.2386 18.3376 19.3377 20.2413 21.0515 21.7712 22.4036 22.9517 23.4182 23.8056 24.1161 24.3513 24.5128 24.6014 24.6178 24.5621 24.4343 24.2336 23.9593 23.6102 23.1848 22.6814 22.0985 21.4342 20.6871 19.856 18.9404 17.9402 16.8568 15.6924 14.4508 
4.74455 6.48258 8.16555 9.78159 11.3211 12.7765 14.1429 15.4167 16.5964 17.6817 18.6733 19.5726 20.3816 21.1025 21.7377 22.2896 22.7605 23.1523 23.4669 23.7059 23.8705 23.9616 23.9798 23.9252 23.798 23.5976 23.3234 22.9746 22.5501 22.0488 21.4694 20.811 20.0725 19.2536 18.3542 17.3751 16.318 15.1854 13.9812 
4.54992 6.21962 7.84032 9.40112 10.8929 12.3083 13.6419 14.8899 16.05 17.1209 18.1026 18.9957 19.8013 20.5212 21.157 21.7105 22.1836 22.5781 22.8954 23.1369 23.3038 23.3967 23.4164 23.3631 23.2368 23.0373 22.7641 22.4167 21.9943 21.496 20.9213 20.2694 19.5401 18.7332 17.8493 16.8896 15.856 14.7514 13.5795 
4.39215 6.00613 7.5756 9.09042 10.5419 11.9229 13.2277 14.4523 15.5939 16.6507 17.6219 18.5077 19.3086 20.0257 20.6602 21.2136 21.6874 22.0829 22.4016 22.6446 22.8129 22.9073 22.9282 22.8761 22.751 22.5527 22.2811 21.9358 21.5161 21.0218 20.4522 19.8072 19.0868 18.2914 17.4218 16.4795 15.4665 14.386 13.2415 
4.26782 5.83762 7.36614 8.84379 10.2622 11.6145 12.8948 14.099 15.2239 16.2674 17.2283 18.1062 18.9014 19.6145 20.2464 20.7983 21.2713 21.6667 21.9856 22.2291 22.3981 22.4933 22.5152 22.4642 22.3403 22.1437 21.874 21.5312 21.1148 20.6246 20.0604 19.4223 18.7105 17.9255 17.0686 16.1414 15.1461 14.0858 12.9641 
4.17446 5.71089 7.20817 8.65713 10.0497 11.3789 12.6393 13.8263 14.9366 15.968 16.9191 17.7892 18.5781 19.2863 19.9146 20.4637 20.9348 21.3289 21.6471 21.8902 22.0593 22.1548 22.1773 22.1272 22.0047 21.8097 21.5422 21.2021 20.7892 20.3034 19.7446 19.113 18.409 17.6334 16.7874 15.8729 14.8922 13.8483 12.7448 
4.11047 5.62379 7.09916 8.52763 9.90127 11.2133 12.4582 13.6314 14.7297 15.7505 16.6925 17.5548 18.3372 19.04 19.6637 20.2091 20.6773 21.0691 21.3856 21.6277 21.796 21.8914 21.9142 21.8649 21.7436 21.5504 21.2852 20.9481 20.5387 20.0572 19.5035 18.8779 18.1809 17.4133 16.5765 15.6723 14.703 13.6716 12.5819 
4.07493 5.57514 7.03769 8.45371 9.81534 11.1159 12.3498 13.5128 14.6014 15.6134 16.5472 17.402 18.1777 18.8745 19.4929 20.0338 20.4981 20.8868 21.2008 21.4409 21.608 21.7027 21.7255 21.6768 21.5566 21.3652 21.1024 20.7682 20.3625 19.8851 19.3363 18.7161 18.0251 17.2642 16.4346 15.5382 14.5773 13.5548 12.4744 
4.06764 5.56465 7.02339 8.43492 9.79137 11.0861 12.3136 13.4697 14.5512 15.5558 16.4823 17.33 18.0988 18.7891 19.4016 19.9371 20.3966 20.7812 21.0918 21.3293 21.4946 21.5882 21.6106 21.5622 21.4432 21.2535 20.9932 20.662 20.2599 19.7867 19.2423 18.627 17.9412 17.1855 16.3613 15.4702 14.5145 13.4972 12.4218 
4.08906 5.5929 7.05693 8.47195 9.83001 11.1245 12.35 13.5025 14.5791 15.5779 16.4978 17.3385 18.1002 18.7834 19.3891 19.9183 20.3721 20.7516 21.058 21.2921 21.4549 21.5469 21.5686 21.5205 21.4025 21.2146 20.9569 20.6289 20.2304 19.7613 19.2213 18.6103 17.9288 17.1772 16.3565 15.4684 14.5149 13.499 12.4242 
4.14039 5.66145 7.14008 8.56668 9.93311 11.2327 12.4604 13.6124 14.6862 15.6802 16.594 17.4276 18.1816 18.857 19.4549 19.9767 20.4237 20.7972 21.0985 21.3284 21.4881 21.578 21.5988 21.5506 21.4337 21.2478 20.9928 20.6683 20.2737 19.8088 19.273 18.6662 17.9882 17.2395 16.4208 15.5334 14.5792 13.5611 12.4825 
4.22364 5.77292 7.27586 8.7223 10.1039 11.4139 12.6476 13.8017 14.8742 15.8642 16.7719 17.5979 18.3434 19.0097 19.5987 20.1118 20.5508 20.9171 21.2122 21.4371 21.593 21.6804 21.6999 21.6517 21.5359 21.3523 21.1003 20.7796 20.3894 19.929 19.3977 18.7949 18.1202 17.3736 16.5554 15.6666 14.7089 13.685 12.5982 
4.34183 5.93117 7.46871 8.94352 10.3469 11.6724 12.9155 14.0737 15.1459 16.132 17.0329 17.8502 18.5858 19.2416 19.82 20.3229 20.7523 21.1101 21.3979 21.6169 21.7683 21.8527 21.8707 21.8225 21.708 21.5269 21.2787 20.9624 20.5772 20.122 19.5957 18.9973 18.3258 17.5808 16.762 15.8701 14.9063 13.873 12.7734 
4.49917 6.14166 7.72484 9.23684 10.6687 12.0141 13.2694 14.433 15.5048 16.4862 17.379 18.1858 18.9094 19.5527 20.1184 20.6091 21.0273 21.3751 21.6543 21.8663 22.0124 22.0934 22.1097 22.0615 21.9487 21.7708 21.5269 21.216 20.8368 20.3879 19.8676 19.2744 18.6067 17.8632 17.0433 16.1468 15.1745 14.1284 13.0116 
4.70154 6.41187 8.0527 9.611 11.0775 12.4467 13.7159 14.885 15.9555 16.9301 17.8123 18.606 19.3149 19.9429 20.4933 20.9696 21.3745 21.7104 21.9795 22.1835 22.3235 22.4005 22.415 22.3671 22.2564 22.0824 21.8439 21.5397 21.168 20.7269 20.2142 19.6276 18.9648 18.2237 17.4027 16.5007 15.5179 14.4556 13.3168 
4.95694 6.75197 8.46362 10.0775 11.5845 12.9801 14.2635 15.4366 16.503 17.4676 18.3356 19.1123 19.8028 20.4119 20.9441 21.403 21.7921 22.1143 22.3717 22.5663 22.6994 22.772 22.7846 22.7371 22.6292 22.4601 22.2284 21.9325 21.5702 21.1391 20.6362 20.0585 19.4026 18.6655 17.8443 16.9368 15.942 14.8605 13.6948 
5.27643 7.17583 8.97275 10.6515 12.2036 13.6265 14.9223 16.0957 17.1535 18.1028 18.9513 19.7059 20.3733 20.9594 21.4694 21.9078 22.2784 22.5843 22.8283 23.0122 23.1375 23.2052 23.2158 23.1693 23.065 22.902 22.6788 22.3933 22.0429 21.6246 21.1346 20.5689 19.9232 19.1928 18.3734 17.4613 16.4539 15.3505 14.1531 
5.67544 7.70252 9.6005 11.3527 12.9524 14.4009 15.7041 16.8715 17.9132 18.84 19.6619 20.388 21.0264 21.5843 22.0677 22.4817 22.8306 23.1179 23.3464 23.5181 23.6347 23.6971 23.7058 23.6606 23.561 23.4057 23.193 22.9205 22.5851 22.1831 21.71 21.1608 20.5296 19.8103 18.9964 18.0822 17.0628 15.9356 14.7014 
6.17589 8.35863 10.3744 12.2068 13.8532 15.3209 16.6227 17.7736 18.7889 19.6831 20.4693 21.1588 21.7612 22.2849 22.7366 23.122 23.4458 23.7117 23.9225 24.0806 24.1875 24.2441 24.251 24.2079 24.1141 23.9683 23.7685 23.5119 23.1952 22.814 22.363 21.8359 21.2254 20.5234 19.721 18.8093 17.7804 16.6287 15.3529 
6.80978 9.18194 11.3322 13.2473 14.9332 16.4076 17.6928 18.8119 19.7864 20.6351 21.3743 22.0175 22.5758 23.0585 23.4729 23.8252 24.1201 24.3617 24.5527 24.6955 24.7918 24.8423 24.8475 24.8072 24.7205 24.5861 24.4018 24.1647 23.871 23.5158 23.0931 22.5954 22.0139 21.338 20.5558 19.6545 18.6216 17.4468 16.1249 
7.62538 10.2274 12.5256 14.5172 16.2252 17.6839 18.9297 19.9956 20.9103 21.6974 22.3762 22.9619 23.467 23.9012 24.2723 24.5866 24.8489 25.0632 25.2322 25.3583 25.4428 25.4868 25.4906 25.4539 25.3759 25.255 25.0892 24.8753 24.6094 24.2863 23.8992 23.4398 22.8977 22.2597 21.5105 20.6321 19.6054 18.4126 17.0417 
8.69865 11.5767 14.0261 16.0711 17.7668 19.1738 20.3468 21.3311 22.1624 22.8688 23.4717 23.9878 24.4298 24.8078 25.1295 25.4009 25.6268 25.8108 25.9557 26.0634 26.1355 26.1727 26.1752 26.1429 26.075 25.9699 25.8255 25.6389 25.406 25.1215 24.7785 24.368 23.878 23.2936 22.5952 21.7588 20.7561 19.5572 18.1373 
10.156 13.3551 15.931 17.9745 19.5974 20.898 21.9531 22.8199 23.5401 24.1442 24.6548 25.0883 25.4574 25.7714 26.0376 26.2615 26.4473 26.5983 26.717 26.8051 26.8638 26.8939 26.8955 26.8685 26.812 26.7248 26.6049 26.4495 26.2549 26.0161 25.7262 25.3761 24.9537 24.442 23.8184 23.0523 22.1035 20.9233 19.4625 
12.2228 15.7567 18.3687 20.2989 21.7506 22.868 23.7481 24.4557 25.0342 25.5137 25.9152 26.2538 26.5405 26.7834 26.9886 27.1607 27.3033 27.4189 27.5096 27.5768 27.6215 27.6443 27.6452 27.6242 27.5805 27.5131 27.4204 27.3 27.1487 26.9623 26.7346 26.4573 26.119 25.7029 25.1848 24.529 23.6827 22.5705 21.0964 
15.3393 19.0804 21.4882 23.1018 24.2382 25.0756 25.7161 26.2207 26.6276 26.9615 27.239 27.4717 27.6679 27.8335 27.9731 28.09 28.1866 28.2648 28.3261 28.3715 28.4016 28.4169 28.4174 28.403 28.3732 28.3273 28.2641 28.1819 28.0783 27.9501 27.7929 27.6001 27.3626 27.0662 26.6893 26.1966 25.5282 24.58 23.1745 
20.4672 23.7374 25.4019 26.3822 27.0251 27.4801 27.82 28.0837 28.2943 28.4658 28.6078 28.7263 28.826 28.91 28.9807 29.0398 29.0886 29.128 29.159 29.1818 29.197 29.2046 29.2049 29.1975 29.1824 29.1592 29.1271 29.0854 29.0327 28.9674 28.8871 28.7881 28.6652 28.5103 28.3099 28.04 27.6537 27.0469 25.9539 

27.243 31.586 33.7885 35.079 35.9201 36.5112 36.9493 37.2866 37.5536 37.7695 37.9466 38.0934 38.2159 38.3184 38.4041 38.4752 38.5337 38.5807 38.6172 38.6441 38.6617 38.6703 38.6699 38.6606 38.6419 38.6133 38.5739 38.5227 38.4578 38.377 38.277 38.153 37.9981 37.8013 37.5446 37.1961 36.6931 35.8966 34.4526 
20.3591 25.3126 28.4891 30.6074 32.0903 33.1755 33.9993 34.6434 35.1585 35.5778 35.9235 36.2112 36.4519 36.6537 36.8227 36.9632 37.0787 37.1718 37.2442 37.2974 37.3323 37.3494 37.3489 37.3305 37.2937 37.2373 37.1598 37.0589 36.9315 36.7732 36.5779 36.337 36.0381 35.6624 35.181 34.5467 33.6796 32.4407 30.5933 
16.1564 20.8162 24.2477 26.7713 28.6582 30.101 31.2292 32.1291 32.8592 33.4596 33.9584 34.3759 34.7267 35.0219 35.2697 35.4762 35.6463 35.7834 35.8904 35.9691 36.0208 36.0463 36.0458 36.019 35.965 35.8825 35.7691 35.6217 35.4361 35.2063 34.9243 34.579 34.1548 33.6294 32.9703 32.13 31.0378 29.5932 27.6679 
13.3526 17.5482 20.9142 23.5717 25.6703 27.3412 28.6872 29.7847 30.6897 31.443 32.0747 32.6072 33.0572 33.4376 33.7579 34.0257 34.2467 34.4253 34.5648 34.6677 34.7354 34.7691 34.7689 34.7345 34.665 34.5585 34.4123 34.2228 33.9849 33.6917 33.3341 32.9 32.3727 31.7299 30.941 29.9652 28.7486 27.2264 25.3324 
11.3604 15.1098 18.2891 20.9312 23.1099 24.9063 26.3938 27.6329 28.6718 29.5479 30.2902 30.9209 31.4574 31.9132 32.2986 32.622 32.8896 33.1063 33.276 33.4013 33.4842 33.5257 33.5262 33.4853 33.402 33.2741 33.099 32.8723 32.5889 32.2414 31.8205 31.314 30.7061 29.9764 29.0988 28.041 26.7652 25.2312 23.4058 
9.87896 13.2416 16.2011 18.7541 20.9318 22.7804 24.3487 25.6814 26.8167 27.7867 28.6172 29.3289 29.9384 30.4591 30.9015 31.274 31.5833 31.8344 32.0315 32.1775 32.2743 32.3233 32.3249 32.2786 32.1834 32.0372 31.837 31.5787 31.2569 30.8645 30.3925 29.8295 29.1614 28.3708 27.4366 26.3349 25.0399 23.5276 21.7816 
8.73949 11.7764 14.5198 16.9523 19.0827 20.9349 22.5393 23.927 25.1271 26.1651 27.0629 27.839 28.5083 29.0833 29.5743 29.9893 30.335 30.6166 30.8382 31.0027 31.1124 31.1684 31.1713 31.1208 31.0158 30.8542 30.6331 30.3487 29.9955 29.5672 29.0555 28.4502 27.7393 26.9086 25.942 24.8221 23.532 22.0576 20.3916 
7.84039 10.6048 13.1493 15.4525 17.5117 19.3373 20.9466 22.3603 23.5994 24.6836 25.6306 26.4557 27.1724 27.7917 28.323 28.774 29.1509 29.4589 29.7019 29.8829 30.004 30.0667 30.0713 30.0176 29.9047 29.7306 29.4927 29.1872 28.8094 28.3534 27.8119 27.1765 26.437 25.5825 24.6007 23.4796 22.2083 20.7791 19.1895 
7.117 9.65316 12.0202 14.1967 16.1745 17.9558 19.5495 20.9683 22.2267 23.3394 24.3199 25.1811 25.9339 26.5881 27.152 27.6326 28.0357 28.3661 28.6275 28.8229 28.9542 29.0229 29.0294 28.9737 28.8548 28.671 28.4198 28.0981 27.7015 27.225 26.6624 26.0067 25.2499 24.3835 23.3987 22.2873 21.0427 19.6609 18.1423 
6.52633 8.87058 11.0817 13.1396 15.0339 16.7619 18.3271 19.7367 20.9999 22.1271 23.1288 24.0147 24.794 25.4748 26.0644 26.5688 26.9933 27.3423 27.6193 27.8269 27.9671 28.0413 28.0499 27.993 27.8697 27.6786 27.4176 27.0838 26.6736 26.1827 25.606 24.938 24.1724 23.3029 22.3233 21.2283 20.0141 18.6794 17.226 
6.03878 8.22115 10.2963 12.2462 14.0594 15.7309 17.2605 18.6513 19.909 21.0405 22.0533 22.9549 23.7525 24.4528 25.0618 25.5849 26.0265 26.3906 26.6804 26.8982 27.0461 27.1252 27.136 27.0787 26.9525 26.7563 26.4882 26.1459 25.7264 25.2261 24.6411 23.9668 23.1987 22.3323 21.3634 20.2886 19.1062 17.8165 16.4222 
5.63341 7.67893 9.63631 11.4893 13.2267 14.842 16.3326 17.6991 18.9444 20.0727 21.0891 21.9992 22.8084 23.5221 24.1453 24.6823 25.1372 25.5132 25.8133 26.0396 26.1939 26.2773 26.2903 26.2331 26.1053 25.9057 25.633 25.2853 24.86 24.3544 23.7653 23.0895 22.3235 21.4643 20.5092 19.4565 18.3057 17.0581 15.7171 
5.29505 7.22484 9.08069 10.848 12.5161 14.0776 15.5288 16.8682 18.0968 19.2167 20.2312 21.1442 21.9598 22.682 23.3149 23.862 24.3267 24.7119 25.02 25.2531 25.4126 25.4997 25.5149 25.4583 25.3297 25.1284 24.853 24.5021 24.0739 23.566 22.9763 22.3023 21.5415 20.6922 19.7527 18.7224 17.602 16.3932 15.0997 
5.01254 6.84471 8.6136 10.3061 11.9119 13.4237 14.8366 16.1482 17.3577 18.466 19.4749 20.3868 21.2045 21.9313 22.5702 23.1241 23.5957 23.9876 24.3018 24.5401 24.7038 24.794 24.8112 24.7556 24.627 24.4249 24.1485 23.7964 23.3673 22.8597 22.2717 21.6017 20.8482 20.0102 19.0869 18.0786 16.9865 15.813 14.5617 
4.77757 6.52785 8.2229 9.8508 11.4018 12.8686 14.2458 15.5302 16.72 17.8149 18.8155 19.7234 20.5403 21.2686 21.9105 22.4684 22.9446 23.341 23.6595 23.9016 24.0686 24.1613 24.1803 24.1258 23.9978 23.796 23.5195 23.1677 22.7394 22.2336 21.649 20.9846 20.2396 19.4134 18.5062 17.5187 16.4525 15.3104 14.0962 
4.58391 6.26622 7.89936 9.47237 10.9761 12.4031 13.748 15.0068 16.1772 17.258 18.249 19.1509 19.9648 20.6921 21.3348 21.8945 22.3731 22.7723 23.0936 23.3384 23.5077 23.6023 23.6229 23.5696 23.4426 23.2415 22.966 22.6155 22.1891 21.6863 21.1062 20.4482 19.712 18.8977 18.0058 17.0374 15.9945 14.8801 13.6978 
4.4269 6.05378 7.63596 9.16325 10.6269 12.0198 13.3361 14.5718 15.7239 16.7908 17.7716 18.6664 19.4757 20.2005 20.842 21.4018 21.8811 22.2815 22.6043 22.8506 23.0214 23.1174 23.1393 23.0872 22.9613 22.7615 22.4875 22.139 21.7154 21.2163 20.6412 19.99 19.2627 18.4596 17.5818 16.6305 15.6081 14.5175 13.3625 
4.30311 5.88602 7.42745 8.91778 10.3486 11.7129 13.0049 14.2204 15.356 16.4097 17.3804 18.2674 19.0711 19.7921 20.4311 20.9894 21.4681 21.8684 22.1915 22.4384 22.6099 22.7068 22.7296 22.6786 22.554 22.3557 22.0837 21.7376 21.3172 20.8222 20.2524 19.608 18.8891 18.0964 17.2311 16.2948 15.2899 14.2194 13.087 
4.21009 5.75974 7.27006 8.7318 10.1369 11.4783 12.7504 13.9488 15.07 16.1118 17.0726 17.9519 18.7494 19.4655 20.101 20.6566 21.1334 21.5325 21.8549 22.1014 22.273 22.3703 22.3937 22.3437 22.2203 22.0238 21.7539 21.4105 20.9935 20.5028 19.9384 19.3003 18.5892 17.8058 16.9514 16.0278 15.0374 13.9832 12.8689 
4.1462 5.67279 7.16124 8.60254 9.98872 11.313 12.5697 13.7543 14.8634 15.8947 16.8465 17.718 18.509 19.2197 19.8507 20.4026 20.8766 21.2734 21.5941 21.8395 22.0105 22.1076 22.1313 22.082 21.9599 21.7651 21.4975 21.157 20.7436 20.2572 19.6979 19.0658 18.3617 17.5863 16.741 15.8276 14.8486 13.8069 12.7064 
4.11056 5.62399 7.09958 8.52838 9.90252 11.2152 12.461 13.6353 14.7348 15.7571 16.7007 17.5647 18.349 19.0537 19.6793 20.2267 20.6968 21.0904 21.4086 21.6521 21.8218 21.9182 21.9419 21.8932 21.7723 21.5793 21.314 20.9766 20.5668 20.0846 19.5301 18.9035 18.2054 17.4367 16.5986 15.6931 14.7224 13.6897 12.5985 
4.10294 5.61304 7.0847 8.5089 9.87774 11.1845 12.4237 13.5911 14.6833 15.6982 16.6344 17.4912 18.2685 18.9667 19.5863 20.1282 20.5934 20.9829 21.2977 21.5386 21.7063 21.8017 21.825 21.7767 21.6568 21.4656 21.2028 20.8684 20.4623 19.9842 19.4343 18.8127 18.1198 17.3564 16.5238 15.6237 14.6584 13.6308 12.5447 
4.12381 5.64055 7.11729 8.54479 9.91504 11.2214 12.4584 13.622 14.7092 15.7181 16.6475 17.4972 18.2672 18.9582 19.5709 20.1064 20.5658 20.9502 21.2607 21.4981 21.6634 21.7571 21.7797 21.7316 21.6128 21.4234 21.1633 20.8321 20.4297 19.9558 19.4103 18.7931 18.1046 17.3454 16.5165 15.6194 14.6565 13.6306 12.5452 
4.17438 5.70806 7.19912 8.63792 10.0163 11.3275 12.5664 13.7292 14.8134 15.8173 16.7405 17.5828 18.345 19.0279 19.6327 20.1607 20.6132 20.9915 21.2967 21.5299 21.692 21.7836 21.8052 21.7571 21.6394 21.452 21.1947 20.867 20.4686 19.999 19.4579 18.8449 18.1602 17.4041 16.5772 15.6811 14.7177 13.6898 12.6009 
4.25666 5.81819 7.33321 8.79151 10.1846 11.506 12.7506 13.9152 14.9978 15.9974 16.9142 17.7487 18.5021 19.1758 19.7714 20.2906 20.7349 21.1058 21.4047 21.6328 21.7911 21.8801 21.9004 21.8523 21.7358 21.5506 21.2965 20.9727 20.5787 20.1138 19.5773 18.9686 18.2873 17.5334 16.7073 15.8101 14.8435 13.81 12.7132 
4.37367 5.97483 7.52402 9.01026 10.4248 11.7612 13.0149 14.1832 15.2651 16.2604 17.1701 17.9957 18.7389 19.4018 19.9866 20.4953 20.9299 21.2921 21.5836 21.8057 21.9593 22.0453 22.0641 22.016 21.9008 21.7183 21.4678 21.1486 20.7598 20.3002 19.7689 19.1648 18.487 17.7349 16.9086 16.0085 15.036 13.9935 12.8843 
4.52964 6.18344 7.77777 9.30071 10.7432 12.099 13.3644 14.5377 15.6189 16.6091 17.5103 18.325 19.0559 19.7059 20.2778 20.7741 21.1972 21.5493 21.832 22.0469 22.1952 22.2777 22.2948 22.2467 22.1332 21.9538 21.7079 21.3942 21.0115 20.5585 20.0334 19.4347 18.7609 18.0108 17.1836 16.2793 15.2987 14.2437 13.1177 
4.73045 6.45151 8.10292 9.6716 11.1483 12.5273 13.8061 14.9844 16.0637 17.0467 17.9369 18.738 19.4539 20.0883 20.6446 21.1261 21.5357 21.8757 22.1482 22.3549 22.497 22.5754 22.5906 22.5427 22.4314 22.2561 22.0156 21.7087 21.3338 20.8887 20.3714 19.7796 19.1111 18.3637 17.5358 16.6264 15.6357 14.5651 13.4175 
4.98411 6.78923 8.51082 10.1345 11.651 13.0559 14.3483 15.53 16.6047 17.5772 18.4527 19.2364 19.9334 20.5486 21.0863 21.5502 21.9437 22.2696 22.5302 22.7274 22.8625 22.9364 22.9496 22.9022 22.7937 22.6234 22.3898 22.0914 21.726 21.2912 20.784 20.2014 19.5401 18.7971 17.9694 17.0549 16.0527 14.9633 13.7894 
5.3017 7.21048 9.01665 10.7045 12.2654 13.697 15.0011 16.1826 17.2481 18.2048 19.0602 19.8213 20.4948 21.0865 21.6016 22.0446 22.4193 22.7288 22.9757 23.162 23.2891 23.3581 23.3693 23.3228 23.218 23.0539 22.8289 22.5411 22.1878 21.766 21.272 20.7018 20.051 19.3151 18.4897 17.5711 16.5568 15.4462 14.2411 
5.69865 7.73434 9.64081 11.4013 13.0092 14.4656 15.7765 16.9513 18.0001 18.9337 19.7619 20.494 21.138 21.7011 22.1891 22.6074 22.96 23.2506 23.4817 23.6557 23.7739 23.8375 23.8468 23.8016 23.7015 23.5452 23.3309 23.0562 22.7182 22.313 21.8363 21.2829 20.6471 19.9226 19.1033 18.1831 17.1573 16.0235 14.7823 
6.1969 8.38743 10.4109 12.2508 13.9046 15.3795 16.6882 17.8458 18.8675 19.7679 20.5598 21.2547 21.8622 22.3905 22.8465 23.2358 23.5629 23.8317 24.0451 24.2051 24.3135 24.3712 24.3786 24.3355 24.2413 24.0945 23.8932 23.6348 23.3156 22.9315 22.4772 21.9464 21.3317 20.6251 19.8177 18.9006 17.866 16.7082 15.426 
6.82846 9.20754 11.3647 13.2864 14.9789 16.4597 17.7511 18.8761 19.8563 20.7104 21.4548 22.1028 22.6656 23.1524 23.5706 23.9263 24.2242 24.4684 24.6616 24.8062 24.9038 24.9552 24.9609 24.9206 24.8336 24.6983 24.5128 24.2739 23.9781 23.6203 23.1947 22.6936 22.1084 21.4284 20.6417 19.7356 18.6977 17.5175 16.19 
7.6416 10.2496 12.5538 14.5512 16.2649 17.7292 18.9803 20.0514 20.971 21.7629 22.4461 23.036 23.545 23.9828 24.3572 24.6745 24.9394 25.1559 25.3268 25.4544 25.5402 25.585 25.5892 25.5525 25.4741 25.3525 25.1855 24.9702 24.7024 24.3771 23.9875 23.5252 22.9798 22.3383 21.5852 20.7026 19.6715 18.474 17.0982 
8.71233 11.5955 14.0498 16.0997 17.8002 19.2119 20.3895 21.3781 22.2136 22.924 23.5307 24.0503 24.4956 24.8766 25.201 25.475 25.7031 25.889 26.0354 26.1445 26.2175 26.2554 26.2583 26.226 26.1577 26.052 25.9067 25.7188 25.4844 25.1981 24.8529 24.4399 23.9472 23.3598 22.6581 21.8182 20.8118 19.609 18.185 
10.167 13.3702 15.9502 17.9977 19.6244 20.9288 21.9876 22.8578 23.5814 24.1888 24.7023 25.1388 25.5105 25.827 26.0954 26.3213 26.5089 26.6615 26.7814 26.8706 26.9301 26.9607 26.9626 26.9356 26.8789 26.7912 26.6705 26.5141 26.3182 26.0779 25.7862 25.4342 25.0095 24.4955 23.8693 23.1003 22.1485 20.9651 19.5009 
12.2311 15.7681 18.3831 20.3163 21.771 22.8913 23.7742 24.4843 25.0654 25.5473 25.9512 26.292 26.5806 26.8254 27.0323 27.2059 27.3498 27.4666 27.5582 27.6263 27.6716 27.6947 27.6959 27.6749 27.631 27.5633 27.47 27.3488 27.1966 27.009 26.7799 26.5012 26.1612 25.7433 25.2232 24.5653 23.7167 22.6021 21.1255 
15.3449 19.088 21.4979 23.1136 24.2519 25.0912 25.7335 26.2399 26.6485 26.984 27.2631 27.4972 27.6948 27.8617 28.0024 28.1202 28.2177 28.2968 28.3588 28.4047 28.4352 28.4507 28.4514 28.437 28.4071 28.3609 28.2973 28.2146 28.1103 27.9814 27.8233 27.6295 27.3909 27.0933 26.715 26.2209 25.551 24.6011 23.1939 
20.47 23.7412 25.4068 26.3881 27.032 27.488 27.8287 28.0933 28.3048 28.4772 28.6198 28.7391 28.8395 28.9241 28.9954 29.0549 29.1042 29.1441 29.1753 29.1984 29.2138 29.2216 29.2219 29.2146 29.1994 29.176 29.1438 29.1018 29.0488 28.9831 28.9023 28.8028 28.6794 28.5238 28.3228 28.0522 27.6652 27.0575 25.9637 

27.243 31.5861 33.7886 35.0791 35.9202 36.5113 36.9493 37.2866 37.5537 37.7696 37.9467 38.0935 38.216 38.3185 38.4042 38.4753 38.5338 38.5808 38.6173 38.6442 38.6618 38.6704 38.6701 38.6607 38.642 38.6134 38.5741 38.5228 38.4579 38.3771 38.2771 38.1531 37.9982 37.8014 37.5447 37.1962 36.6931 35.8966 34.4527 
20.3592 25.3127 28.4891 30.6075 32.0904 33.1756 33.9994 34.6435 35.1587 35.5779 35.9236 36.2113 36.4521 36.6539 36.8229 36.9634 37.0789 37.172 37.2444 37.2976 37.3325 37.3497 37.3491 37.3308 37.2939 37.2375 37.16 37.0591 36.9317 36.7734 36.5781 36.3372 36.0383 35.6626 35.1812 34.5468 33.6797 32.4408 30.5934 
16.1565 20.8163 24.2478 26.7714 28.6583 30.1012 31.2294 32.1293 32.8594 33.4598 33.9586 34.3761 34.727 35.0222 35.27 35.4765 35.6466 35.7837 35.8907 35.9694 36.0211 36.0466 36.0461 36.0193 35.9654 35.8828 35.7694 35.6221 35.4364 35.2066 34.9246 34.5793 34.1551 33.6296 32.9706 32.1302 31.0381 29.5934 27.6681 
13.3527 17.5483 20.9143 23.5719 25.6704 27.3414 28.6875 29.785 30.69 31.4433 32.075 32.6075 33.0576 33.4379 33.7583 34.0261 34.2471 34.4258 34.5653 34.6681 34.7359 34.7695 34.7693 34.735 34.6655 34.5589 34.4128 34.2232 33.9853 33.6921 33.3345 32.9003 32.3731 31.7302 30.9414 29.9655 28.7489 27.2266 25.3326 
11.3605 15.1099 18.2892 20.9314 23.1101 24.9066 26.3941 27.6332 28.6722 29.5483 30.2906 30.9213 31.4579 31.9136 32.2991 32.6225 32.8901 33.1069 33.2765 33.4019 33.4847 33.5262 33.5267 33.4859 33.4025 33.2747 33.0995 32.8729 32.5894 32.2419 31.821 31.3145 30.7066 29.9768 29.0992 28.0414 26.7656 25.2316 23.4061 
9.87906 13.2417 16.2013 18.7543 20.932 22.7807 24.3491 25.6817 26.8171 27.7872 28.6176 29.3294 29.9389 30.4597 30.9021 31.2746 31.5839 31.8351 32.0322 32.1781 32.275 32.324 32.3255 32.2792 32.184 32.0378 31.8376 31.5794 31.2575 30.8651 30.3931 29.8301 29.162 28.3713 27.4371 26.3354 25.0404 23.528 21.782 
8.73961 11.7766 14.52 16.9525 19.083 20.9353 22.5397 23.9274 25.1275 26.1656 27.0635 27.8395 28.5089 29.084 29.5749 29.99 30.3357 30.6173 30.8389 31.0035 31.1131 31.1692 31.1721 31.1216 31.0165 30.8549 30.6339 30.3494 29.9963 29.5679 29.0561 28.4508 27.74 26.9092 25.9426 24.8227 23.5325 22.058 20.3921 
7.84053 10.605 13.1496 15.4528 17.5121 19.3377 20.947 22.3608 23.6 24.6842 25.6312 26.4564 27.1731 27.7924 28.3237 28.7747 29.1517 29.4597 29.7027 29.8837 30.0049 30.0675 30.0721 30.0185 29.9055 29.7315 29.4935 29.188 28.8102 28.3542 27.8127 27.1772 26.4377 25.5831 24.6013 23.4802 22.2089 20.7796 19.19 
7.11715 9.65337 12.0205 14.197 16.1749 17.9562 19.5499 20.9688 22.2273 23.34 24.3206 25.1818 25.9346 26.5889 27.1528 27.6335 28.0366 28.367 28.6284 28.8238 28.9552 29.0238 29.0304 28.9746 28.8557 28.6719 28.4208 28.099 27.7024 27.2259 26.6632 26.0075 25.2507 24.3842 23.3994 22.288 21.0433 19.6614 18.1429 
6.5265 8.87081 11.082 13.14 15.0343 16.7624 18.3277 19.7372 21.0005 22.1278 23.1295 24.0154 24.7948 25.4757 26.0652 26.5697 26.9943 27.3433 27.6202 27.8279 27.9681 28.0423 28.051 27.994 27.8707 27.6797 27.4186 27.0848 26.6746 26.1836 25.6069 24.9389 24.1732 23.3037 22.3241 21.2291 20.0148 18.68 17.2265 
6.03896 8.2214 10.2966 12.2465 14.0599 15.7315 17.2611 18.6519 19.9097 21.0413 22.0541 22.9557 23.7534 24.4537 25.0628 25.5858 26.0275 26.3916 26.6814 26.8993 27.0472 27.1263 27.1371 27.0798 26.9536 26.7573 26.4893 26.147 25.7274 25.2271 24.642 23.9678 23.1997 22.3332 21.3642 20.2894 19.107 17.8171 16.4228 
5.6336 7.67919 9.63664 11.4897 13.2271 14.8425 16.3332 17.6998 18.9451 20.0734 21.0899 22 22.8093 23.5231 24.1463 24.6834 25.1383 25.5143 25.8144 26.0408 26.1951 26.2784 26.2915 26.2343 26.1064 25.9069 25.6342 25.2864 24.8611 24.3554 23.7663 23.0905 22.3245 21.4652 20.5101 19.4573 18.3065 17.0588 15.7177 
5.29525 7.22512 9.08105 10.8485 12.5166 14.0782 15.5294 16.8689 18.0975 19.2175 20.2321 21.1452 21.9608 22.6831 23.3159 23.8631 24.3278 24.713 25.0212 25.2543 25.4138 25.5009 25.5161 25.4596 25.331 25.1296 24.8542 24.5033 24.075 23.5672 22.9774 22.3033 21.5426 20.6932 19.7536 18.7233 17.6028 16.394 15.1004 
5.01275 6.845 8.61396 10.3065 11.9124 13.4243 14.8373 16.1489 17.3585 18.4669 19.4758 20.3877 21.2056 21.9324 22.5713 23.1252 23.5969 23.9888 24.303 24.5413 24.7051 24.7953 24.8125 24.7569 24.6283 24.4262 24.1497 23.7976 23.3686 22.8608 22.2728 21.6028 20.8493 20.0112 19.0879 18.0796 16.9874 15.8138 14.5624 
4.77779 6.52815 8.22328 9.85126 11.4024 12.8692 14.2465 15.531 16.7208 17.8158 18.8165 19.7244 20.5414 21.2697 21.9116 22.4696 22.9458 23.3423 23.6608 23.903 24.0699 24.1626 24.1816 24.1272 23.9992 23.7973 23.5208 23.169 22.7407 22.2348 21.6502 20.9858 20.2407 19.4145 18.5072 17.5196 16.4534 15.3113 14.0969 
4.58413 6.26653 7.89975 9.47284 10.9766 12.4037 13.7487 15.0076 16.178 17.2589 18.25 19.1519 19.9658 20.6933 21.336 21.8957 22.3744 22.7736 23.095 23.3397 23.509 23.6037 23.6242 23.571 23.4439 23.2429 22.9673 22.6168 22.1904 21.6876 21.1074 20.4494 19.7132 18.8988 18.0068 17.0383 15.9954 14.8809 13.6986 
4.42713 6.05409 7.63636 9.16374 10.6275 12.0204 13.3368 14.5726 15.7248 16.7918 17.7726 18.6675 19.4768 20.2016 20.8432 21.403 21.8824 22.2829 22.6057 22.852 23.0228 23.1188 23.1407 23.0886 22.9627 22.7629 22.4889 22.1403 21.7167 21.2175 20.6425 19.9912 19.2639 18.4608 17.5828 16.6315 15.6091 14.5184 13.3633 
4.30335 5.88634 7.42786 8.91827 10.3492 11.7135 13.0057 14.2212 15.3569 16.4107 17.3814 18.2685 19.0723 19.7933 20.4323 20.9907 21.4694 21.8698 22.1929 22.4397 22.6113 22.7082 22.731 22.68 22.5554 22.3571 22.0851 21.7389 21.3185 20.8235 20.2537 19.6092 18.8903 18.0975 17.2322 16.2959 15.2909 14.2203 13.0879 
4.21033 5.76006 7.27047 8.7323 10.1374 11.4789 12.7511 13.9496 15.0709 16.1127 17.0736 17.9529 18.7505 19.4667 20.1022 20.6579 21.1348 21.5339 21.8563 22.1028 22.2744 22.3717 22.3951 22.3451 22.2218 22.0252 21.7553 21.4119 20.9949 20.5041 19.9396 19.3016 18.5904 17.807 16.9525 16.0288 15.0383 13.9841 12.8697 
4.14644 5.67312 7.16165 8.60303 9.9893 11.3136 12.5704 13.7551 14.8643 15.8956 16.8475 17.7191 18.5102 19.2209 19.8519 20.4039 20.8779 21.2748 21.5955 21.8409 22.0119 22.109 22.1327 22.0835 21.9614 21.7665 21.4989 21.1584 20.745 20.2585 19.6992 19.0671 18.3629 17.5875 16.7421 15.8286 14.8496 13.8078 12.7072 
4.11079 5.62432 7.09999 8.52888 9.9031 11.2159 12.4617 13.6361 14.7356 15.758 16.7017 17.5658 18.3501 19.0549 19.6806 20.228 20.6981 21.0918 21.41 21.6535 21.8232 21.9197 21.9434 21.8947 21.7737 21.5807 21.3154 20.9779 20.5681 20.0859 19.5313 18.9047 18.2066 17.4378 16.5997 15.6941 14.7234 13.6906 12.5993 
4.10317 5.61337 7.08511 8.50939 9.87832 11.1852 12.4245 13.5919 14.6842 15.6991 16.6354 17.4923 18.2696 18.9678 19.5875 20.1295 20.5947 20.9843 21.2991 21.54 21.7078 21.8031 21.8264 21.7781 21.6583 21.467 21.2042 20.8698 20.4636 19.9855 19.4356 18.8139 18.121 17.3575 16.5249 15.6247 14.6593 13.6317 12.5455 
4.12404 5.64087 7.11769 8.54527 9.9156 11.222 12.4591 13.6227 14.71 15.719 16.6485 17.4982 18.2683 18.9593 19.5721 20.1077 20.5671 20.9516 21.262 21.4995 21.6648 21.7585 21.7811 21.733 21.6142 21.4248 21.1646 20.8334 20.431 19.9571 19.4115 18.7943 18.1058 17.3465 16.5175 15.6204 14.6575 13.6315 12.546 
4.1746 5.70837 7.19951 8.6384 10.0168 11.3281 12.5671 13.73 14.8142 15.8182 16.7414 17.5839 18.3461 19.0291 19.6339 20.162 20.6145 20.9928 21.298 21.5313 21.6933 21.785 21.8066 21.7585 21.6408 21.4534 21.196 20.8683 20.4699 20.0003 19.4591 18.8461 18.1614 17.4052 16.5783 15.6821 14.7186 13.6906 12.6017 
4.25688 5.81849 7.33359 8.79197 10.1852 11.5066 12.7513 13.916 14.9986 15.9983 16.9151 17.7497 18.5031 19.1769 19.7726 20.2918 20.7361 21.1071 21.406 21.6341 21.7924 21.8814 21.9018 21.8537 21.7371 21.552 21.2978 20.974 20.58 20.115 19.5785 18.9697 18.2884 17.5345 16.7083 15.8111 14.8444 13.8108 12.7139 
4.37388 5.97512 7.52438 9.01071 10.4253 11.7618 13.0155 14.1839 15.2659 16.2613 17.171 17.9966 18.7399 19.4029 19.9877 20.4964 20.9311 21.2934 21.5849 21.8069 21.9606 22.0466 22.0654 22.0173 21.9021 21.7195 21.469 21.1498 20.761 20.3014 19.7701 19.1659 18.488 17.7359 16.9096 16.0094 15.0369 13.9943 12.8851 
4.52985 6.18371 7.77812 9.30114 10.7437 12.0996 13.3651 14.5384 15.6196 16.6099 17.5111 18.3259 19.0569 19.707 20.2789 20.7752 21.1984 21.5504 21.8332 22.0481 22.1964 22.2789 22.296 22.2479 22.1344 21.9551 21.7091 21.3954 21.0127 20.5596 20.0345 19.4357 18.7619 18.0117 17.1845 16.2802 15.2995 14.2445 13.1184 
4.73064 6.45177 8.10326 9.672 11.1488 12.5279 13.8067 14.985 16.0644 17.0475 17.9378 18.7389 19.4548 20.0892 20.6456 21.1272 21.5367 21.8768 22.1493 22.356 22.4981 22.5766 22.5918 22.5439 22.4326 22.2572 22.0168 21.7099 21.3349 20.8898 20.3725 19.7806 19.112 18.3646 17.5366 16.6273 15.6365 14.5658 13.4181 
4.98429 6.78948 8.51113 10.1349 11.6515 13.0564 14.3488 15.5306 16.6054 17.578 18.4534 19.2372 19.9343 20.5495 21.0872 21.5511 21.9447 22.2706 22.5312 22.7284 22.8635 22.9375 22.9507 22.9033 22.7948 22.6245 22.3909 22.0925 21.7271 21.2922 20.785 20.2024 19.5411 18.7979 17.9702 17.0557 16.0534 14.964 13.7901 
5.30187 7.21071 9.01694 10.7048 12.2658 13.6975 15.0016 16.1832 17.2487 18.2055 19.0609 19.8221 20.4956 21.0874 21.6025 22.0455 22.4202 22.7297 22.9766 23.1629 23.2901 23.3591 23.3703 23.3238 23.219 23.0549 22.8299 22.5421 22.1888 21.7669 21.2729 20.7027 20.0519 19.3159 18.4905 17.5719 16.5575 15.4468 14.2417 
5.6988 7.73455 9.64108 11.4017 13.0096 14.466 15.777 16.9518 18.0007 18.9343 19.7626 20.4947 21.1388 21.7018 22.19 22.6082 22.9609 23.2514 23.4826 23.6566 23.7749 23.8384 23.8477 23.8026 23.7025 23.5461 23.3318 23.0571 22.7191 22.3139 21.8371 21.2837 20.6478 19.9234 19.104 18.1838 17.158 16.0241 14.7828 
6.19704 8.38762 10.4112 12.2511 13.905 15.3799 16.6887 17.8463 18.868 19.7684 20.5604 21.2553 21.8629 22.3912 22.8472 23.2365 23.5637 23.8325 24.0459 24.2059 24.3143 24.372 24.3794 24.3364 24.2421 24.0953 23.8941 23.6356 23.3164 22.9323 22.478 21.9471 21.3324 20.6258 19.8183 18.9012 17.8665 16.7088 15.4265 
6.82858 9.20771 11.3649 13.2867 14.9792 16.46 17.7515 18.8766 19.8567 20.7109 21.4553 22.1033 22.6662 23.153 23.5712 23.9269 24.2249 24.4691 24.6623 24.807 24.9045 24.956 24.9616 24.9214 24.8343 24.6991 24.5135 24.2747 23.9788 23.621 23.1953 22.6943 22.109 21.429 20.6423 19.7362 18.6982 17.5179 16.1904 
7.64171 10.2498 12.554 14.5514 16.2651 17.7295 18.9806 20.0518 20.9714 21.7633 22.4466 23.0365 23.5455 23.9833 24.3578 24.675 24.94 25.1565 25.3275 25.4551 25.5408 25.5856 25.5898 25.5531 25.4747 25.3531 25.1862 24.9708 24.703 24.3777 23.988 23.5258 22.9803 22.3388 21.5857 20.7031 19.672 18.4745 17.0986 
8.71242 11.5956 14.05 16.0999 17.8005 19.2122 20.3897 21.3784 22.214 22.9244 23.5311 24.0507 24.496 24.877 25.2015 25.4754 25.7036 25.8895 26.036 26.145 26.2181 26.2559 26.2588 26.2266 26.1583 26.0526 25.9073 25.7194 25.4849 25.1986 24.8534 24.4404 23.9477 23.3602 22.6585 21.8186 20.8122 19.6093 18.1853 
10.1671 13.3703 15.9503 17.9978 19.6246 20.929 21.9878 22.8581 23.5817 24.1891 24.7027 25.1391 25.5108 25.8273 26.0958 26.3217 26.5093 26.6619 26.7818 26.871 26.9305 26.9611 26.9631 26.936 26.8793 26.7916 26.6709 26.5145 26.3187 26.0783 25.7866 25.4346 25.0099 24.4958 23.8696 23.1006 22.1488 20.9654 19.5012 
12.2312 15.7682 18.3832 20.3165 21.7711 22.8914 23.7743 24.4845 25.0656 25.5476 25.9514 26.2922 26.5809 26.8257 27.0325 27.2062 27.3501 27.4669 27.5586 27.6266 27.6719 27.695 27.6962 27.6752 27.6314 27.5636 27.4703 27.3491 27.1969 27.0093 26.7802 26.5015 26.1615 25.7436 25.2235 24.5655 23.7169 22.6023 21.1257 
15.345 19.0881 21.4979 23.1136 24.252 25.0913 25.7336 26.2401 26.6487 26.9842 27.2632 27.4974 27.6949 27.8618 28.0026 28.1204 28.218 28.297 28.359 28.4049 28.4354 28.4509 28.4516 28.4372 28.4073 28.3611 28.2975 28.2148 28.1106 27.9816 27.8235 27.6297 27.391 27.0934 26.7152 26.221 25.5511 24.6013 23.1941 
20.47 23.7412 25.4068 26.3881 27.032 27.488 27.8288 28.0934 28.3048 28.4772 28.6199 28.7392 28.8396 28.9242 28.9955 29.055 29.1043 29.1442 29.1754 29.1986 29.2139 29.2217 29.222 29.2147 29.1995 29.1761 29.1439 29.1019 29.0489 28.9832 28.9024 28.8029 28.6795 28.5239 28.3229 28.0523 27.6652 27.0576 25.9638 

