0.00  1.000000  1.000000  0.000000 
0.01  0.990000  0.990050  0.000050 
0.02  0.980100  0.980199  0.000099 
0.03  0.970299  0.970446  0.000147 
0.04  0.960596  0.960789  0.000193 
0.05  0.950990  0.951229  0.000239 
0.06  0.941480  0.941765  0.000284 
0.07  0.932065  0.932394  0.000328 
0.08  0.922745  0.923116  0.000372 
0.09  0.913517  0.913931  0.000414 
0.10  0.904382  0.904837  0.000455 
0.11  0.895338  0.895834  0.000496 
0.12  0.886385  0.886920  0.000536 
0.13  0.877521  0.878095  0.000574 
0.14  0.868746  0.869358  0.000612 
0.15  0.860058  0.860708  0.000650 
0.16  0.851458  0.852144  0.000686 
0.17  0.842943  0.843665  0.000722 
0.18  0.834514  0.835270  0.000756 
0.19  0.826169  0.826959  0.000791 
0.20  0.817907  0.818731  0.000824 
0.21  0.809728  0.810584  0.000856 
0.22  0.801631  0.802519  0.000888 
0.23  0.793614  0.794534  0.000919 
0.24  0.785678  0.786628  0.000950 
0.25  0.777821  0.778801  0.000979 
0.26  0.770043  0.771052  0.001008 
0.27  0.762343  0.763379  0.001037 
0.28  0.754719  0.755784  0.001064 
0.29  0.747172  0.748264  0.001091 
0.30  0.739700  0.740818  0.001118 
0.31  0.732303  0.733447  0.001144 
0.32  0.724980  0.726149  0.001169 
0.33  0.717731  0.718924  0.001193 
0.34  0.710553  0.711770  0.001217 
0.35  0.703448  0.704688  0.001240 
0.36  0.696413  0.697676  0.001263 
0.37  0.689449  0.690734  0.001285 
0.38  0.682555  0.683861  0.001307 
0.39  0.675729  0.677057  0.001328 
0.40  0.668972  0.670320  0.001348 
0.41  0.662282  0.663650  0.001368 
0.42  0.655659  0.657047  0.001388 
0.43  0.649103  0.650509  0.001406 
0.44  0.642612  0.644036  0.001425 
0.45  0.636185  0.637628  0.001443 
0.46  0.629824  0.631284  0.001460 
0.47  0.623525  0.625002  0.001477 
0.48  0.617290  0.618783  0.001493 
0.49  0.611117  0.612626  0.001509 
0.50  0.605006  0.606531  0.001525 
0.51  0.598956  0.600496  0.001540 
0.52  0.592966  0.594521  0.001554 
0.53  0.587037  0.588605  0.001568 
0.54  0.581166  0.582748  0.001582 
0.55  0.575355  0.576950  0.001595 
0.56  0.569601  0.571209  0.001608 
0.57  0.563905  0.565525  0.001620 
0.58  0.558266  0.559898  0.001632 
0.59  0.552683  0.554327  0.001644 
0.60  0.547157  0.548812  0.001655 
0.61  0.541685  0.543351  0.001666 
0.62  0.536268  0.537944  0.001676 
0.63  0.530906  0.532592  0.001686 
0.64  0.525596  0.527292  0.001696 
0.65  0.520341  0.522046  0.001705 
0.66  0.515137  0.516851  0.001714 
0.67  0.509986  0.511709  0.001723 
0.68  0.504886  0.506617  0.001731 
0.69  0.499837  0.501576  0.001739 
0.70  0.494839  0.496585  0.001747 
0.71  0.489890  0.491644  0.001754 
0.72  0.484991  0.486752  0.001761 
0.73  0.480141  0.481909  0.001768 
0.74  0.475340  0.477114  0.001774 
0.75  0.470587  0.472367  0.001780 
0.76  0.465881  0.467666  0.001786 
0.77  0.461222  0.463013  0.001791 
0.78  0.456610  0.458406  0.001796 
0.79  0.452044  0.453845  0.001801 
0.80  0.447523  0.449329  0.001806 
0.81  0.443048  0.444858  0.001810 
0.82  0.438618  0.440432  0.001814 
0.83  0.434231  0.436049  0.001818 
0.84  0.429889  0.431711  0.001822 
0.85  0.425590  0.427415  0.001825 
0.86  0.421334  0.423162  0.001828 
0.87  0.417121  0.418952  0.001831 
0.88  0.412950  0.414783  0.001833 
0.89  0.408820  0.410656  0.001836 
0.90  0.404732  0.406570  0.001838 
0.91  0.400685  0.402524  0.001840 
0.92  0.396678  0.398519  0.001841 
0.93  0.392711  0.394554  0.001843 
0.94  0.388784  0.390628  0.001844 
0.95  0.384896  0.386741  0.001845 
0.96  0.381047  0.382893  0.001846 
0.97  0.377237  0.379083  0.001846 
0.98  0.373464  0.375311  0.001847 
0.99  0.369730  0.371577  0.001847 
1.00  0.366032  0.367879  0.001847 
1.01  0.362372  0.364219  0.001847 
1.02  0.358748  0.360595  0.001847 
1.03  0.355161  0.357007  0.001846 
1.04  0.351609  0.353455  0.001845 
1.05  0.348093  0.349938  0.001845 
1.06  0.344612  0.346456  0.001844 
1.07  0.341166  0.343009  0.001842 
1.08  0.337754  0.339596  0.001841 
1.09  0.334377  0.336216  0.001840 
1.10  0.331033  0.332871  0.001838 
1.11  0.327723  0.329559  0.001836 
1.12  0.324446  0.326280  0.001834 
1.13  0.321201  0.323033  0.001832 
1.14  0.317989  0.319819  0.001830 
1.15  0.314809  0.316637  0.001828 
1.16  0.311661  0.313486  0.001825 
1.17  0.308544  0.310367  0.001822 
1.18  0.305459  0.307279  0.001820 
1.19  0.302404  0.304221  0.001817 
1.20  0.299380  0.301194  0.001814 
1.21  0.296387  0.298197  0.001811 
1.22  0.293423  0.295230  0.001807 
1.23  0.290488  0.292293  0.001804 
1.24  0.287584  0.289384  0.001801 
1.25  0.284708  0.286505  0.001797 
1.26  0.281861  0.283654  0.001793 
1.27  0.279042  0.280832  0.001790 
1.28  0.276252  0.278037  0.001786 
1.29  0.273489  0.275271  0.001782 
1.30  0.270754  0.272532  0.001778 
1.31  0.268047  0.269820  0.001773 
1.32  0.265366  0.267135  0.001769 
1.33  0.262713  0.264477  0.001765 
1.34  0.260085  0.261846  0.001760 
1.35  0.257485  0.259240  0.001756 
1.36  0.254910  0.256661  0.001751 
1.37  0.252361  0.254107  0.001746 
1.38  0.249837  0.251579  0.001741 
1.39  0.247339  0.249075  0.001737 
1.40  0.244865  0.246597  0.001732 
1.41  0.242417  0.244143  0.001727 
1.42  0.239992  0.241714  0.001722 
1.43  0.237593  0.239309  0.001716 
1.44  0.235217  0.236928  0.001711 
1.45  0.232864  0.234570  0.001706 
1.46  0.230536  0.232236  0.001700 
1.47  0.228230  0.229925  0.001695 
1.48  0.225948  0.227638  0.001690 
1.49  0.223689  0.225373  0.001684 
1.50  0.221452  0.223130  0.001678 
1.51  0.219237  0.220910  0.001673 
1.52  0.217045  0.218712  0.001667 
1.53  0.214874  0.216536  0.001661 
1.54  0.212726  0.214381  0.001655 
1.55  0.210598  0.212248  0.001650 
1.56  0.208492  0.210136  0.001644 
1.57  0.206408  0.208045  0.001638 
1.58  0.204343  0.205975  0.001632 
1.59  0.202300  0.203926  0.001626 
1.60  0.200277  0.201897  0.001619 
1.61  0.198274  0.199888  0.001613 
1.62  0.196292  0.197899  0.001607 
1.63  0.194329  0.195930  0.001601 
1.64  0.192385  0.193980  0.001595 
1.65  0.190461  0.192050  0.001588 
1.66  0.188557  0.190139  0.001582 
1.67  0.186671  0.188247  0.001576 
1.68  0.184805  0.186374  0.001569 
1.69  0.182957  0.184520  0.001563 
1.70  0.181127  0.182684  0.001557 
1.71  0.179316  0.180866  0.001550 
1.72  0.177523  0.179066  0.001544 
1.73  0.175747  0.177284  0.001537 
1.74  0.173990  0.175520  0.001531 
1.75  0.172250  0.173774  0.001524 
1.76  0.170527  0.172045  0.001517 
1.77  0.168822  0.170333  0.001511 
1.78  0.167134  0.168638  0.001504 
1.79  0.165463  0.166960  0.001498 
1.80  0.163808  0.165299  0.001491 
1.81  0.162170  0.163654  0.001484 
1.82  0.160548  0.162026  0.001478 
1.83  0.158943  0.160414  0.001471 
1.84  0.157353  0.158817  0.001464 
1.85  0.155780  0.157237  0.001457 
1.86  0.154222  0.155673  0.001451 
1.87  0.152680  0.154124  0.001444 
1.88  0.151153  0.152590  0.001437 
1.89  0.149641  0.151072  0.001430 
1.90  0.148145  0.149569  0.001424 
1.91  0.146664  0.148080  0.001417 
1.92  0.145197  0.146607  0.001410 
1.93  0.143745  0.145148  0.001403 
1.94  0.142307  0.143704  0.001396 
1.95  0.140884  0.142274  0.001390 
1.96  0.139476  0.140858  0.001383 
1.97  0.138081  0.139457  0.001376 
1.98  0.136700  0.138069  0.001369 
1.99  0.135333  0.136695  0.001362 
2.00  0.133980  0.135335  0.001356 
2.01  0.132640  0.133989  0.001349 
2.02  0.131313  0.132655  0.001342 
2.03  0.130000  0.131336  0.001335 
2.04  0.128700  0.130029  0.001328 
2.05  0.127413  0.128735  0.001322 
2.06  0.126139  0.127454  0.001315 
2.07  0.124878  0.126186  0.001308 
2.08  0.123629  0.124930  0.001301 
2.09  0.122393  0.123687  0.001294 
2.10  0.121169  0.122456  0.001288 
2.11  0.119957  0.121238  0.001281 
2.12  0.118758  0.120032  0.001274 
2.13  0.117570  0.118837  0.001267 
2.14  0.116394  0.117655  0.001261 
2.15  0.115230  0.116484  0.001254 
2.16  0.114078  0.115325  0.001247 
2.17  0.112937  0.114178  0.001240 
2.18  0.111808  0.113042  0.001234 
2.19  0.110690  0.111917  0.001227 
2.20  0.109583  0.110803  0.001220 
2.21  0.108487  0.109701  0.001214 
2.22  0.107402  0.108609  0.001207 
2.23  0.106328  0.107528  0.001200 
2.24  0.105265  0.106459  0.001194 
2.25  0.104212  0.105399  0.001187 
2.26  0.103170  0.104350  0.001180 
2.27  0.102138  0.103312  0.001174 
2.28  0.101117  0.102284  0.001167 
2.29  0.100106  0.101266  0.001161 
2.30  0.099105  0.100259  0.001154 
2.31  0.098114  0.099261  0.001147 
2.32  0.097133  0.098274  0.001141 
2.33  0.096161  0.097296  0.001134 
2.34  0.095200  0.096328  0.001128 
2.35  0.094248  0.095369  0.001121 
2.36  0.093305  0.094420  0.001115 
2.37  0.092372  0.093481  0.001109 
2.38  0.091448  0.092551  0.001102 
2.39  0.090534  0.091630  0.001096 
2.40  0.089629  0.090718  0.001089 
2.41  0.088732  0.089815  0.001083 
2.42  0.087845  0.088922  0.001077 
2.43  0.086967  0.088037  0.001070 
2.44  0.086097  0.087161  0.001064 
2.45  0.085236  0.086294  0.001058 
2.46  0.084384  0.085435  0.001051 
2.47  0.083540  0.084585  0.001045 
2.48  0.082704  0.083743  0.001039 
2.49  0.081877  0.082910  0.001033 
2.50  0.081059  0.082085  0.001026 
2.51  0.080248  0.081268  0.001020 
2.52  0.079445  0.080460  0.001014 
2.53  0.078651  0.079659  0.001008 
2.54  0.077864  0.078866  0.001002 
2.55  0.077086  0.078082  0.000996 
2.56  0.076315  0.077305  0.000990 
2.57  0.075552  0.076536  0.000984 
2.58  0.074796  0.075774  0.000978 
2.59  0.074048  0.075020  0.000972 
2.60  0.073308  0.074274  0.000966 
2.61  0.072575  0.073535  0.000960 
2.62  0.071849  0.072803  0.000954 
2.63  0.071131  0.072078  0.000948 
2.64  0.070419  0.071361  0.000942 
2.65  0.069715  0.070651  0.000936 
2.66  0.069018  0.069948  0.000930 
2.67  0.068328  0.069252  0.000925 
2.68  0.067644  0.068563  0.000919 
2.69  0.066968  0.067881  0.000913 
2.70  0.066298  0.067206  0.000907 
2.71  0.065635  0.066537  0.000901 
2.72  0.064979  0.065875  0.000896 
2.73  0.064329  0.065219  0.000890 
2.74  0.063686  0.064570  0.000884 
2.75  0.063049  0.063928  0.000879 
2.76  0.062419  0.063292  0.000873 
2.77  0.061794  0.062662  0.000868 
2.78  0.061176  0.062039  0.000862 
2.79  0.060565  0.061421  0.000857 
2.80  0.059959  0.060810  0.000851 
2.81  0.059359  0.060205  0.000846 
2.82  0.058766  0.059606  0.000840 
2.83  0.058178  0.059013  0.000835 
2.84  0.057596  0.058426  0.000829 
2.85  0.057020  0.057844  0.000824 
2.86  0.056450  0.057269  0.000819 
2.87  0.055886  0.056699  0.000813 
2.88  0.055327  0.056135  0.000808 
2.89  0.054774  0.055576  0.000803 
2.90  0.054226  0.055023  0.000797 
2.91  0.053684  0.054476  0.000792 
2.92  0.053147  0.053934  0.000787 
2.93  0.052615  0.053397  0.000782 
2.94  0.052089  0.052866  0.000777 
2.95  0.051568  0.052340  0.000771 
2.96  0.051053  0.051819  0.000766 
2.97  0.050542  0.051303  0.000761 
2.98  0.050037  0.050793  0.000756 
2.99  0.049536  0.050287  0.000751 
3.00  0.049041  0.049787  0.000746 
3.01  0.048550  0.049292  0.000741 
3.02  0.048065  0.048801  0.000736 
3.03  0.047584  0.048316  0.000731 
3.04  0.047108  0.047835  0.000726 
3.05  0.046637  0.047359  0.000722 
3.06  0.046171  0.046888  0.000717 
3.07  0.045709  0.046421  0.000712 
3.08  0.045252  0.045959  0.000707 
3.09  0.044800  0.045502  0.000702 
3.10  0.044352  0.045049  0.000697 
3.11  0.043908  0.044601  0.000693 
3.12  0.043469  0.044157  0.000688 
3.13  0.043034  0.043718  0.000683 
3.14  0.042604  0.043283  0.000679 
3.15  0.042178  0.042852  0.000674 
3.16  0.041756  0.042426  0.000669 
3.17  0.041339  0.042004  0.000665 
3.18  0.040925  0.041586  0.000660 
3.19  0.040516  0.041172  0.000656 
3.20  0.040111  0.040762  0.000651 
3.21  0.039710  0.040357  0.000647 
3.22  0.039313  0.039955  0.000642 
3.23  0.038920  0.039557  0.000638 
3.24  0.038530  0.039164  0.000634 
3.25  0.038145  0.038774  0.000629 
3.26  0.037764  0.038388  0.000625 
3.27  0.037386  0.038006  0.000620 
3.28  0.037012  0.037628  0.000616 
3.29  0.036642  0.037254  0.000612 
3.30  0.036276  0.036883  0.000608 
3.31  0.035913  0.036516  0.000603 
3.32  0.035554  0.036153  0.000599 
3.33  0.035198  0.035793  0.000595 
3.34  0.034846  0.035437  0.000591 
3.35  0.034498  0.035084  0.000587 
3.36  0.034153  0.034735  0.000583 
3.37  0.033811  0.034390  0.000578 
3.38  0.033473  0.034047  0.000574 
3.39  0.033138  0.033709  0.000570 
3.40  0.032807  0.033373  0.000566 
3.41  0.032479  0.033041  0.000562 
3.42  0.032154  0.032712  0.000558 
3.43  0.031833  0.032387  0.000554 
3.44  0.031514  0.032065  0.000550 
3.45  0.031199  0.031746  0.000547 
3.46  0.030887  0.031430  0.000543 
3.47  0.030578  0.031117  0.000539 
3.48  0.030272  0.030807  0.000535 
3.49  0.029970  0.030501  0.000531 
3.50  0.029670  0.030197  0.000527 
3.51  0.029373  0.029897  0.000524 
3.52  0.029080  0.029599  0.000520 
3.53  0.028789  0.029305  0.000516 
3.54  0.028501  0.029013  0.000512 
3.55  0.028216  0.028725  0.000509 
3.56  0.027934  0.028439  0.000505 
3.57  0.027654  0.028156  0.000501 
3.58  0.027378  0.027876  0.000498 
3.59  0.027104  0.027598  0.000494 
3.60  0.026833  0.027324  0.000491 
3.61  0.026565  0.027052  0.000487 
3.62  0.026299  0.026783  0.000484 
3.63  0.026036  0.026516  0.000480 
3.64  0.025776  0.026252  0.000477 
3.65  0.025518  0.025991  0.000473 
3.66  0.025263  0.025733  0.000470 
3.67  0.025010  0.025476  0.000466 
3.68  0.024760  0.025223  0.000463 
3.69  0.024512  0.024972  0.000460 
3.70  0.024267  0.024724  0.000456 
3.71  0.024025  0.024478  0.000453 
3.72  0.023784  0.024234  0.000450 
3.73  0.023547  0.023993  0.000446 
3.74  0.023311  0.023754  0.000443 
3.75  0.023078  0.023518  0.000440 
3.76  0.022847  0.023284  0.000437 
3.77  0.022619  0.023052  0.000433 
3.78  0.022393  0.022823  0.000430 
3.79  0.022169  0.022596  0.000427 
3.80  0.021947  0.022371  0.000424 
3.81  0.021727  0.022148  0.000421 
3.82  0.021510  0.021928  0.000418 
3.83  0.021295  0.021710  0.000415 
3.84  0.021082  0.021494  0.000411 
3.85  0.020871  0.021280  0.000408 
3.86  0.020663  0.021068  0.000405 
3.87  0.020456  0.020858  0.000402 
3.88  0.020251  0.020651  0.000399 
3.89  0.020049  0.020445  0.000396 
3.90  0.019848  0.020242  0.000393 
3.91  0.019650  0.020041  0.000391 
3.92  0.019453  0.019841  0.000388 
3.93  0.019259  0.019644  0.000385 
3.94  0.019066  0.019448  0.000382 
3.95  0.018876  0.019255  0.000379 
3.96  0.018687  0.019063  0.000376 
3.97  0.018500  0.018873  0.000373 
3.98  0.018315  0.018686  0.000371 
3.99  0.018132  0.018500  0.000368 
4.00  0.017951  0.018316  0.000365 
4.01  0.017771  0.018133  0.000362 
4.02  0.017593  0.017953  0.000360 
4.03  0.017417  0.017774  0.000357 
4.04  0.017243  0.017597  0.000354 
4.05  0.017071  0.017422  0.000352 
4.06  0.016900  0.017249  0.000349 
4.07  0.016731  0.017077  0.000346 
4.08  0.016564  0.016907  0.000344 
4.09  0.016398  0.016739  0.000341 
4.10  0.016234  0.016573  0.000339 
4.11  0.016072  0.016408  0.000336 
4.12  0.015911  0.016245  0.000333 
4.13  0.015752  0.016083  0.000331 
4.14  0.015594  0.015923  0.000328 
4.15  0.015439  0.015764  0.000326 
4.16  0.015284  0.015608  0.000323 
4.17  0.015131  0.015452  0.000321 
4.18  0.014980  0.015299  0.000319 
4.19  0.014830  0.015146  0.000316 
4.20  0.014682  0.014996  0.000314 
4.21  0.014535  0.014846  0.000311 
4.22  0.014390  0.014699  0.000309 
4.23  0.014246  0.014552  0.000307 
4.24  0.014103  0.014408  0.000304 
4.25  0.013962  0.014264  0.000302 
4.26  0.013823  0.014122  0.000300 
4.27  0.013684  0.013982  0.000297 
4.28  0.013548  0.013843  0.000295 
4.29  0.013412  0.013705  0.000293 
4.30  0.013278  0.013569  0.000291 
4.31  0.013145  0.013434  0.000288 
4.32  0.013014  0.013300  0.000286 
4.33  0.012884  0.013168  0.000284 
4.34  0.012755  0.013037  0.000282 
4.35  0.012627  0.012907  0.000280 
4.36  0.012501  0.012778  0.000277 
4.37  0.012376  0.012651  0.000275 
4.38  0.012252  0.012525  0.000273 
4.39  0.012130  0.012401  0.000271 
4.40  0.012008  0.012277  0.000269 
4.41  0.011888  0.012155  0.000267 
4.42  0.011769  0.012034  0.000265 
4.43  0.011652  0.011914  0.000263 
4.44  0.011535  0.011796  0.000261 
4.45  0.011420  0.011679  0.000259 
4.46  0.011306  0.011562  0.000257 
4.47  0.011193  0.011447  0.000255 
4.48  0.011081  0.011333  0.000253 
4.49  0.010970  0.011221  0.000251 
4.50  0.010860  0.011109  0.000249 
4.51  0.010752  0.010998  0.000247 
4.52  0.010644  0.010889  0.000245 
4.53  0.010538  0.010781  0.000243 
4.54  0.010432  0.010673  0.000241 
4.55  0.010328  0.010567  0.000239 
4.56  0.010225  0.010462  0.000237 
4.57  0.010122  0.010358  0.000236 
4.58  0.010021  0.010255  0.000234 
4.59  0.009921  0.010153  0.000232 
4.60  0.009822  0.010052  0.000230 
4.61  0.009724  0.009952  0.000228 
4.62  0.009626  0.009853  0.000226 
4.63  0.009530  0.009755  0.000225 
4.64  0.009435  0.009658  0.000223 
4.65  0.009340  0.009562  0.000221 
4.66  0.009247  0.009466  0.000219 
4.67  0.009155  0.009372  0.000218 
4.68  0.009063  0.009279  0.000216 
4.69  0.008972  0.009187  0.000214 
4.70  0.008883  0.009095  0.000213 
4.71  0.008794  0.009005  0.000211 
4.72  0.008706  0.008915  0.000209 
4.73  0.008619  0.008826  0.000208 
4.74  0.008533  0.008739  0.000206 
4.75  0.008447  0.008652  0.000204 
4.76  0.008363  0.008566  0.000203 
4.77  0.008279  0.008480  0.000201 
4.78  0.008196  0.008396  0.000200 
4.79  0.008114  0.008312  0.000198 
4.80  0.008033  0.008230  0.000196 
4.81  0.007953  0.008148  0.000195 
4.82  0.007873  0.008067  0.000193 
4.83  0.007795  0.007987  0.000192 
4.84  0.007717  0.007907  0.000190 
4.85  0.007640  0.007828  0.000189 
4.86  0.007563  0.007750  0.000187 
4.87  0.007488  0.007673  0.000186 
4.88  0.007413  0.007597  0.000184 
4.89  0.007339  0.007521  0.000183 
4.90  0.007265  0.007447  0.000181 
4.91  0.007193  0.007372  0.000180 
4.92  0.007121  0.007299  0.000179 
4.93  0.007049  0.007227  0.000177 
4.94  0.006979  0.007155  0.000176 
4.95  0.006909  0.007083  0.000174 
4.96  0.006840  0.007013  0.000173 
4.97  0.006772  0.006943  0.000172 
4.98  0.006704  0.006874  0.000170 
4.99  0.006637  0.006806  0.000169 

 
0.00  1.000000  1.000000  0.000000 
0.10  0.900000  0.904837  0.004837 
0.20  0.810000  0.818731  0.008731 
0.30  0.729000  0.740818  0.011818 
0.40  0.656100  0.670320  0.014220 
0.50  0.590490  0.606531  0.016041 
0.60  0.531441  0.548812  0.017371 
0.70  0.478297  0.496585  0.018288 
0.80  0.430467  0.449329  0.018862 
0.90  0.387420  0.406570  0.019149 
1.00  0.348678  0.367879  0.019201 
1.10  0.313811  0.332871  0.019060 
1.20  0.282430  0.301194  0.018765 
1.30  0.254187  0.272532  0.018345 
1.40  0.228768  0.246597  0.017829 
1.50  0.205891  0.223130  0.017239 
1.60  0.185302  0.201897  0.016594 
1.70  0.166772  0.182684  0.015912 
1.80  0.150095  0.165299  0.015204 
1.90  0.135085  0.149569  0.014483 
2.00  0.121577  0.135335  0.013759 
2.10  0.109419  0.122456  0.013037 
2.20  0.098477  0.110803  0.012326 
2.30  0.088629  0.100259  0.011629 
2.40  0.079766  0.090718  0.010952 
2.50  0.071790  0.082085  0.010295 
2.60  0.064611  0.074274  0.009663 
2.70  0.058150  0.067206  0.009056 
2.80  0.052335  0.060810  0.008475 
2.90  0.047101  0.055023  0.007922 
3.00  0.042391  0.049787  0.007396 
3.10  0.038152  0.045049  0.006897 
3.20  0.034337  0.040762  0.006425 
3.30  0.030903  0.036883  0.005980 
3.40  0.027813  0.033373  0.005560 
3.50  0.025032  0.030197  0.005166 
3.60  0.022528  0.027324  0.004795 
3.70  0.020276  0.024724  0.004448 
3.80  0.018248  0.022371  0.004123 
3.90  0.016423  0.020242  0.003819 
4.00  0.014781  0.018316  0.003535 
4.10  0.013303  0.016573  0.003270 
4.20  0.011973  0.014996  0.003023 
4.30  0.010775  0.013569  0.002793 
4.40  0.009698  0.012277  0.002580 
4.50  0.008728  0.011109  0.002381 
4.60  0.007855  0.010052  0.002197 
4.70  0.007070  0.009095  0.002026 
4.80  0.006363  0.008230  0.001867 
4.90  0.005726  0.007447  0.001720 

 
0.00  1.000000  1.000000  0.000000 
1.00  0.000000  0.367879  0.367879 
2.00  0.000000  0.135335  0.135335 
3.00  0.000000  0.049787  0.049787 
4.00  0.000000  0.018316  0.018316 

 
