0.00  1.000000  1.000000  0 
0.01  0.990050  0.990050  1.66251e-07 
0.02  0.980199  0.980199  3.29193e-07 
0.03  0.970446  0.970446  4.88877e-07 
0.04  0.960790  0.960789  6.4535e-07 
0.05  0.951230  0.951229  7.9866e-07 
0.06  0.941765  0.941765  9.48856e-07 
0.07  0.932395  0.932394  1.09598e-06 
0.08  0.923118  0.923116  1.24009e-06 
0.09  0.913933  0.913931  1.38122e-06 
0.10  0.904839  0.904837  1.51942e-06 
0.11  0.895836  0.895834  1.65473e-06 
0.12  0.886922  0.886920  1.7872e-06 
0.13  0.878097  0.878095  1.91687e-06 
0.14  0.869360  0.869358  2.04378e-06 
0.15  0.860710  0.860708  2.16798e-06 
0.16  0.852146  0.852144  2.2895e-06 
0.17  0.843667  0.843665  2.40839e-06 
0.18  0.835273  0.835270  2.52468e-06 
0.19  0.826962  0.826959  2.63843e-06 
0.20  0.818734  0.818731  2.74966e-06 
0.21  0.810587  0.810584  2.85841e-06 
0.22  0.802522  0.802519  2.96473e-06 
0.23  0.794537  0.794534  3.06865e-06 
0.24  0.786631  0.786628  3.17021e-06 
0.25  0.778804  0.778801  3.26944e-06 
0.26  0.771055  0.771052  3.36639e-06 
0.27  0.763383  0.763379  3.46108e-06 
0.28  0.755787  0.755784  3.55356e-06 
0.29  0.748267  0.748264  3.64385e-06 
0.30  0.740822  0.740818  3.73199e-06 
0.31  0.733451  0.733447  3.81802e-06 
0.32  0.726153  0.726149  3.90197e-06 
0.33  0.718928  0.718924  3.98387e-06 
0.34  0.711774  0.711770  4.06375e-06 
0.35  0.704692  0.704688  4.14165e-06 
0.36  0.697681  0.697676  4.21759e-06 
0.37  0.690739  0.690734  4.29162e-06 
0.38  0.683866  0.683861  4.36375e-06 
0.39  0.677061  0.677057  4.43402e-06 
0.40  0.670325  0.670320  4.50247e-06 
0.41  0.663655  0.663650  4.56911e-06 
0.42  0.657051  0.657047  4.63398e-06 
0.43  0.650514  0.650509  4.6971e-06 
0.44  0.644041  0.644036  4.75852e-06 
0.45  0.637633  0.637628  4.81824e-06 
0.46  0.631289  0.631284  4.8763e-06 
0.47  0.625007  0.625002  4.93274e-06 
0.48  0.618788  0.618783  4.98756e-06 
0.49  0.612631  0.612626  5.04081e-06 
0.50  0.606536  0.606531  5.0925e-06 
0.51  0.600501  0.600496  5.14267e-06 
0.52  0.594526  0.594521  5.19133e-06 
0.53  0.588610  0.588605  5.23852e-06 
0.54  0.582754  0.582748  5.28425e-06 
0.55  0.576955  0.576950  5.32856e-06 
0.56  0.571214  0.571209  5.37145e-06 
0.57  0.565531  0.565525  5.41297e-06 
0.58  0.559904  0.559898  5.45313e-06 
0.59  0.554333  0.554327  5.49196e-06 
0.60  0.548817  0.548812  5.52947e-06 
0.61  0.543356  0.543351  5.56569e-06 
0.62  0.537950  0.537944  5.60065e-06 
0.63  0.532597  0.532592  5.63435e-06 
0.64  0.527298  0.527292  5.66684e-06 
0.65  0.522051  0.522046  5.69811e-06 
0.66  0.516857  0.516851  5.72821e-06 
0.67  0.511714  0.511709  5.75714e-06 
0.68  0.506623  0.506617  5.78493e-06 
0.69  0.501582  0.501576  5.81159e-06 
0.70  0.496591  0.496585  5.83715e-06 
0.71  0.491650  0.491644  5.86163e-06 
0.72  0.486758  0.486752  5.88505e-06 
0.73  0.481915  0.481909  5.90741e-06 
0.74  0.477120  0.477114  5.92875e-06 
0.75  0.472373  0.472367  5.94908e-06 
0.76  0.467672  0.467666  5.96842e-06 
0.77  0.463019  0.463013  5.98678e-06 
0.78  0.458412  0.458406  6.00419e-06 
0.79  0.453851  0.453845  6.02066e-06 
0.80  0.449335  0.449329  6.03621e-06 
0.81  0.444864  0.444858  6.05085e-06 
0.82  0.440438  0.440432  6.0646e-06 
0.83  0.436055  0.436049  6.07748e-06 
0.84  0.431717  0.431711  6.0895e-06 
0.85  0.427421  0.427415  6.10068e-06 
0.86  0.423168  0.423162  6.11104e-06 
0.87  0.418958  0.418952  6.12059e-06 
0.88  0.414789  0.414783  6.12934e-06 
0.89  0.410662  0.410656  6.13731e-06 
0.90  0.406576  0.406570  6.14451e-06 
0.91  0.402530  0.402524  6.15097e-06 
0.92  0.398525  0.398519  6.15669e-06 
0.93  0.394560  0.394554  6.16168e-06 
0.94  0.390634  0.390628  6.16597e-06 
0.95  0.386747  0.386741  6.16956e-06 
0.96  0.382899  0.382893  6.17247e-06 
0.97  0.379089  0.379083  6.17471e-06 
0.98  0.375317  0.375311  6.17629e-06 
0.99  0.371583  0.371577  6.17723e-06 
1.00  0.367886  0.367879  6.17754e-06 
1.01  0.364225  0.364219  6.17724e-06 
1.02  0.360601  0.360595  6.17633e-06 
1.03  0.357013  0.357007  6.17482e-06 
1.04  0.353461  0.353455  6.17273e-06 
1.05  0.349944  0.349938  6.17008e-06 
1.06  0.346462  0.346456  6.16686e-06 
1.07  0.343015  0.343009  6.1631e-06 
1.08  0.339602  0.339596  6.1588e-06 
1.09  0.336223  0.336216  6.15398e-06 
1.10  0.332877  0.332871  6.14865e-06 
1.11  0.329565  0.329559  6.14281e-06 
1.12  0.326286  0.326280  6.13648e-06 
1.13  0.323039  0.323033  6.12966e-06 
1.14  0.319825  0.319819  6.12238e-06 
1.15  0.316643  0.316637  6.11463e-06 
1.16  0.313492  0.313486  6.10643e-06 
1.17  0.310373  0.310367  6.09779e-06 
1.18  0.307285  0.307279  6.08871e-06 
1.19  0.304227  0.304221  6.07922e-06 
1.20  0.301200  0.301194  6.06931e-06 
1.21  0.298203  0.298197  6.05899e-06 
1.22  0.295236  0.295230  6.04828e-06 
1.23  0.292299  0.292293  6.03718e-06 
1.24  0.289390  0.289384  6.0257e-06 
1.25  0.286511  0.286505  6.01386e-06 
1.26  0.283660  0.283654  6.00165e-06 
1.27  0.280838  0.280832  5.98909e-06 
1.28  0.278043  0.278037  5.97619e-06 
1.29  0.275277  0.275271  5.96295e-06 
1.30  0.272538  0.272532  5.94938e-06 
1.31  0.269826  0.269820  5.9355e-06 
1.32  0.267141  0.267135  5.9213e-06 
1.33  0.264483  0.264477  5.90679e-06 
1.34  0.261852  0.261846  5.89199e-06 
1.35  0.259246  0.259240  5.87689e-06 
1.36  0.256667  0.256661  5.86152e-06 
1.37  0.254113  0.254107  5.84587e-06 
1.38  0.251584  0.251579  5.82995e-06 
1.39  0.249081  0.249075  5.81376e-06 
1.40  0.246603  0.246597  5.79732e-06 
1.41  0.244149  0.244143  5.78064e-06 
1.42  0.241720  0.241714  5.76371e-06 
1.43  0.239315  0.239309  5.74655e-06 
1.44  0.236933  0.236928  5.72915e-06 
1.45  0.234576  0.234570  5.71154e-06 
1.46  0.232242  0.232236  5.69371e-06 
1.47  0.229931  0.229925  5.67566e-06 
1.48  0.227643  0.227638  5.65741e-06 
1.49  0.225378  0.225373  5.63897e-06 
1.50  0.223136  0.223130  5.62033e-06 
1.51  0.220916  0.220910  5.6015e-06 
1.52  0.218717  0.218712  5.58249e-06 
1.53  0.216541  0.216536  5.56331e-06 
1.54  0.214387  0.214381  5.54395e-06 
1.55  0.212253  0.212248  5.52443e-06 
1.56  0.210142  0.210136  5.50475e-06 
1.57  0.208051  0.208045  5.48491e-06 
1.58  0.205981  0.205975  5.46493e-06 
1.59  0.203931  0.203926  5.44479e-06 
1.60  0.201902  0.201897  5.42452e-06 
1.61  0.199893  0.199888  5.40411e-06 
1.62  0.197904  0.197899  5.38357e-06 
1.63  0.195935  0.195930  5.36291e-06 
1.64  0.193985  0.193980  5.34212e-06 
1.65  0.192055  0.192050  5.32121e-06 
1.66  0.190144  0.190139  5.3002e-06 
1.67  0.188252  0.188247  5.27907e-06 
1.68  0.186379  0.186374  5.25784e-06 
1.69  0.184525  0.184520  5.23651e-06 
1.70  0.182689  0.182684  5.21508e-06 
1.71  0.180871  0.180866  5.19356e-06 
1.72  0.179071  0.179066  5.17196e-06 
1.73  0.177290  0.177284  5.15027e-06 
1.74  0.175526  0.175520  5.12849e-06 
1.75  0.173779  0.173774  5.10665e-06 
1.76  0.172050  0.172045  5.08473e-06 
1.77  0.170338  0.170333  5.06274e-06 
1.78  0.168643  0.168638  5.04068e-06 
1.79  0.166965  0.166960  5.01856e-06 
1.80  0.165304  0.165299  4.99638e-06 
1.81  0.163659  0.163654  4.97415e-06 
1.82  0.162031  0.162026  4.95187e-06 
1.83  0.160418  0.160414  4.92953e-06 
1.84  0.158822  0.158817  4.90715e-06 
1.85  0.157242  0.157237  4.88473e-06 
1.86  0.155677  0.155673  4.86227e-06 
1.87  0.154129  0.154124  4.83977e-06 
1.88  0.152595  0.152590  4.81723e-06 
1.89  0.151077  0.151072  4.79467e-06 
1.90  0.149573  0.149569  4.77208e-06 
1.91  0.148085  0.148080  4.74946e-06 
1.92  0.146612  0.146607  4.72683e-06 
1.93  0.145153  0.145148  4.70417e-06 
1.94  0.143709  0.143704  4.68149e-06 
1.95  0.142279  0.142274  4.6588e-06 
1.96  0.140863  0.140858  4.6361e-06 
1.97  0.139461  0.139457  4.61339e-06 
1.98  0.138074  0.138069  4.59067e-06 
1.99  0.136700  0.136695  4.56795e-06 
2.00  0.135340  0.135335  4.54522e-06 
2.01  0.133993  0.133989  4.5225e-06 
2.02  0.132660  0.132655  4.49977e-06 
2.03  0.131340  0.131336  4.47705e-06 
2.04  0.130033  0.130029  4.45434e-06 
2.05  0.128739  0.128735  4.43164e-06 
2.06  0.127458  0.127454  4.40895e-06 
2.07  0.126190  0.126186  4.38627e-06 
2.08  0.124935  0.124930  4.3636e-06 
2.09  0.123691  0.123687  4.34095e-06 
2.10  0.122461  0.122456  4.31832e-06 
2.11  0.121242  0.121238  4.29572e-06 
2.12  0.120036  0.120032  4.27313e-06 
2.13  0.118842  0.118837  4.25057e-06 
2.14  0.117659  0.117655  4.22803e-06 
2.15  0.116488  0.116484  4.20552e-06 
2.16  0.115329  0.115325  4.18304e-06 
2.17  0.114182  0.114178  4.16059e-06 
2.18  0.113046  0.113042  4.13818e-06 
2.19  0.111921  0.111917  4.1158e-06 
2.20  0.110807  0.110803  4.09345e-06 
2.21  0.109705  0.109701  4.07114e-06 
2.22  0.108613  0.108609  4.04887e-06 
2.23  0.107532  0.107528  4.02664e-06 
2.24  0.106463  0.106459  4.00445e-06 
2.25  0.105403  0.105399  3.98231e-06 
2.26  0.104354  0.104350  3.96021e-06 
2.27  0.103316  0.103312  3.93815e-06 
2.28  0.102288  0.102284  3.91614e-06 
2.29  0.101270  0.101266  3.89418e-06 
2.30  0.100263  0.100259  3.87227e-06 
2.31  0.099265  0.099261  3.85041e-06 
2.32  0.098277  0.098274  3.8286e-06 
2.33  0.097300  0.097296  3.80684e-06 
2.34  0.096331  0.096328  3.78514e-06 
2.35  0.095373  0.095369  3.76349e-06 
2.36  0.094424  0.094420  3.7419e-06 
2.37  0.093484  0.093481  3.72037e-06 
2.38  0.092554  0.092551  3.69889e-06 
2.39  0.091633  0.091630  3.67747e-06 
2.40  0.090722  0.090718  3.65612e-06 
2.41  0.089819  0.089815  3.63482e-06 
2.42  0.088925  0.088922  3.61359e-06 
2.43  0.088040  0.088037  3.59241e-06 
2.44  0.087164  0.087161  3.5713e-06 
2.45  0.086297  0.086294  3.55026e-06 
2.46  0.085438  0.085435  3.52928e-06 
2.47  0.084588  0.084585  3.50837e-06 
2.48  0.083747  0.083743  3.48752e-06 
2.49  0.082913  0.082910  3.46675e-06 
2.50  0.082088  0.082085  3.44603e-06 
2.51  0.081272  0.081268  3.42539e-06 
2.52  0.080463  0.080460  3.40482e-06 
2.53  0.079662  0.079659  3.38432e-06 
2.54  0.078870  0.078866  3.36389e-06 
2.55  0.078085  0.078082  3.34353e-06 
2.56  0.077308  0.077305  3.32324e-06 
2.57  0.076539  0.076536  3.30303e-06 
2.58  0.075777  0.075774  3.28289e-06 
2.59  0.075023  0.075020  3.26282e-06 
2.60  0.074277  0.074274  3.24283e-06 
2.61  0.073538  0.073535  3.22291e-06 
2.62  0.072806  0.072803  3.20307e-06 
2.63  0.072082  0.072078  3.1833e-06 
2.64  0.071364  0.071361  3.16361e-06 
2.65  0.070654  0.070651  3.144e-06 
2.66  0.069951  0.069948  3.12446e-06 
2.67  0.069255  0.069252  3.105e-06 
2.68  0.068566  0.068563  3.08562e-06 
2.69  0.067884  0.067881  3.06631e-06 
2.70  0.067209  0.067206  3.04709e-06 
2.71  0.066540  0.066537  3.02794e-06 
2.72  0.065878  0.065875  3.00888e-06 
2.73  0.065222  0.065219  2.98989e-06 
2.74  0.064573  0.064570  2.97098e-06 
2.75  0.063931  0.063928  2.95216e-06 
2.76  0.063295  0.063292  2.93341e-06 
2.77  0.062665  0.062662  2.91475e-06 
2.78  0.062041  0.062039  2.89616e-06 
2.79  0.061424  0.061421  2.87766e-06 
2.80  0.060813  0.060810  2.85924e-06 
2.81  0.060208  0.060205  2.8409e-06 
2.82  0.059609  0.059606  2.82264e-06 
2.83  0.059016  0.059013  2.80447e-06 
2.84  0.058428  0.058426  2.78637e-06 
2.85  0.057847  0.057844  2.76836e-06 
2.86  0.057272  0.057269  2.75043e-06 
2.87  0.056702  0.056699  2.73259e-06 
2.88  0.056137  0.056135  2.71482e-06 
2.89  0.055579  0.055576  2.69714e-06 
2.90  0.055026  0.055023  2.67955e-06 
2.91  0.054478  0.054476  2.66203e-06 
2.92  0.053936  0.053934  2.6446e-06 
2.93  0.053400  0.053397  2.62725e-06 
2.94  0.052868  0.052866  2.60999e-06 
2.95  0.052342  0.052340  2.59281e-06 
2.96  0.051821  0.051819  2.57571e-06 
2.97  0.051306  0.051303  2.5587e-06 
2.98  0.050795  0.050793  2.54177e-06 
2.99  0.050290  0.050287  2.52492e-06 
3.00  0.049790  0.049787  2.50816e-06 
3.01  0.049294  0.049292  2.49148e-06 
3.02  0.048804  0.048801  2.47489e-06 
3.03  0.048318  0.048316  2.45838e-06 
3.04  0.047837  0.047835  2.44195e-06 
3.05  0.047361  0.047359  2.4256e-06 
3.06  0.046890  0.046888  2.40934e-06 
3.07  0.046424  0.046421  2.39316e-06 
3.08  0.045962  0.045959  2.37707e-06 
3.09  0.045504  0.045502  2.36106e-06 
3.10  0.045052  0.045049  2.34513e-06 
3.11  0.044603  0.044601  2.32928e-06 
3.12  0.044159  0.044157  2.31352e-06 
3.13  0.043720  0.043718  2.29785e-06 
3.14  0.043285  0.043283  2.28225e-06 
3.15  0.042854  0.042852  2.26674e-06 
3.16  0.042428  0.042426  2.25131e-06 
3.17  0.042006  0.042004  2.23596e-06 
3.18  0.041588  0.041586  2.2207e-06 
3.19  0.041174  0.041172  2.20551e-06 
3.20  0.040764  0.040762  2.19041e-06 
3.21  0.040359  0.040357  2.1754e-06 
3.22  0.039957  0.039955  2.16046e-06 
3.23  0.039560  0.039557  2.14561e-06 
3.24  0.039166  0.039164  2.13083e-06 
3.25  0.038776  0.038774  2.11614e-06 
3.26  0.038390  0.038388  2.10153e-06 
3.27  0.038009  0.038006  2.087e-06 
3.28  0.037630  0.037628  2.07256e-06 
3.29  0.037256  0.037254  2.05819e-06 
3.30  0.036885  0.036883  2.04391e-06 
3.31  0.036518  0.036516  2.0297e-06 
3.32  0.036155  0.036153  2.01558e-06 
3.33  0.035795  0.035793  2.00153e-06 
3.34  0.035439  0.035437  1.98757e-06 
3.35  0.035086  0.035084  1.97368e-06 
3.36  0.034737  0.034735  1.95988e-06 
3.37  0.034392  0.034390  1.94615e-06 
3.38  0.034049  0.034047  1.9325e-06 
3.39  0.033711  0.033709  1.91894e-06 
3.40  0.033375  0.033373  1.90545e-06 
3.41  0.033043  0.033041  1.89204e-06 
3.42  0.032714  0.032712  1.8787e-06 
3.43  0.032389  0.032387  1.86545e-06 
3.44  0.032067  0.032065  1.85227e-06 
3.45  0.031747  0.031746  1.83917e-06 
3.46  0.031432  0.031430  1.82615e-06 
3.47  0.031119  0.031117  1.81321e-06 
3.48  0.030809  0.030807  1.80034e-06 
3.49  0.030503  0.030501  1.78755e-06 
3.50  0.030199  0.030197  1.77483e-06 
3.51  0.029899  0.029897  1.76219e-06 
3.52  0.029601  0.029599  1.74963e-06 
3.53  0.029307  0.029305  1.73714e-06 
3.54  0.029015  0.029013  1.72473e-06 
3.55  0.028726  0.028725  1.71239e-06 
3.56  0.028441  0.028439  1.70013e-06 
3.57  0.028158  0.028156  1.68794e-06 
3.58  0.027877  0.027876  1.67582e-06 
3.59  0.027600  0.027598  1.66378e-06 
3.60  0.027325  0.027324  1.65182e-06 
3.61  0.027053  0.027052  1.63993e-06 
3.62  0.026784  0.026783  1.62811e-06 
3.63  0.026518  0.026516  1.61636e-06 
3.64  0.026254  0.026252  1.60468e-06 
3.65  0.025993  0.025991  1.59308e-06 
3.66  0.025734  0.025733  1.58155e-06 
3.67  0.025478  0.025476  1.57009e-06 
3.68  0.025225  0.025223  1.55871e-06 
3.69  0.024974  0.024972  1.54739e-06 
3.70  0.024725  0.024724  1.53615e-06 
3.71  0.024479  0.024478  1.52497e-06 
3.72  0.024235  0.024234  1.51387e-06 
3.73  0.023994  0.023993  1.50283e-06 
3.74  0.023756  0.023754  1.49187e-06 
3.75  0.023519  0.023518  1.48097e-06 
3.76  0.023285  0.023284  1.47015e-06 
3.77  0.023054  0.023052  1.45939e-06 
3.78  0.022824  0.022823  1.4487e-06 
3.79  0.022597  0.022596  1.43808e-06 
3.80  0.022372  0.022371  1.42753e-06 
3.81  0.022150  0.022148  1.41704e-06 
3.82  0.021929  0.021928  1.40663e-06 
3.83  0.021711  0.021710  1.39628e-06 
3.84  0.021495  0.021494  1.38599e-06 
3.85  0.021281  0.021280  1.37578e-06 
3.86  0.021069  0.021068  1.36562e-06 
3.87  0.020860  0.020858  1.35554e-06 
3.88  0.020652  0.020651  1.34552e-06 
3.89  0.020447  0.020445  1.33556e-06 
3.90  0.020243  0.020242  1.32568e-06 
3.91  0.020042  0.020041  1.31585e-06 
3.92  0.019842  0.019841  1.30609e-06 
3.93  0.019645  0.019644  1.29639e-06 
3.94  0.019450  0.019448  1.28676e-06 
3.95  0.019256  0.019255  1.27719e-06 
3.96  0.019064  0.019063  1.26768e-06 
3.97  0.018875  0.018873  1.25824e-06 
3.98  0.018687  0.018686  1.24886e-06 
3.99  0.018501  0.018500  1.23954e-06 
4.00  0.018317  0.018316  1.23028e-06 
4.01  0.018135  0.018133  1.22108e-06 
4.02  0.017954  0.017953  1.21195e-06 
4.03  0.017776  0.017774  1.20287e-06 
4.04  0.017599  0.017597  1.19386e-06 
4.05  0.017424  0.017422  1.18491e-06 
4.06  0.017250  0.017249  1.17601e-06 
4.07  0.017079  0.017077  1.16718e-06 
4.08  0.016909  0.016907  1.1584e-06 
4.09  0.016740  0.016739  1.14969e-06 
4.10  0.016574  0.016573  1.14103e-06 
4.11  0.016409  0.016408  1.13243e-06 
4.12  0.016246  0.016245  1.12389e-06 
4.13  0.016084  0.016083  1.11541e-06 
4.14  0.015924  0.015923  1.10699e-06 
4.15  0.015766  0.015764  1.09862e-06 
4.16  0.015609  0.015608  1.09031e-06 
4.17  0.015453  0.015452  1.08206e-06 
4.18  0.015300  0.015299  1.07386e-06 
4.19  0.015147  0.015146  1.06572e-06 
4.20  0.014997  0.014996  1.05763e-06 
4.21  0.014847  0.014846  1.0496e-06 
4.22  0.014700  0.014699  1.04163e-06 
4.23  0.014553  0.014552  1.03371e-06 
4.24  0.014409  0.014408  1.02584e-06 
4.25  0.014265  0.014264  1.01803e-06 
4.26  0.014123  0.014122  1.01027e-06 
4.27  0.013983  0.013982  1.00257e-06 
4.28  0.013844  0.013843  9.94914e-07 
4.29  0.013706  0.013705  9.87316e-07 
4.30  0.013570  0.013569  9.79771e-07 
4.31  0.013435  0.013434  9.72278e-07 
4.32  0.013301  0.013300  9.64837e-07 
4.33  0.013169  0.013168  9.57448e-07 
4.34  0.013037  0.013037  9.50111e-07 
4.35  0.012908  0.012907  9.42824e-07 
4.36  0.012779  0.012778  9.35589e-07 
4.37  0.012652  0.012651  9.28404e-07 
4.38  0.012526  0.012525  9.2127e-07 
4.39  0.012402  0.012401  9.14186e-07 
4.40  0.012278  0.012277  9.07151e-07 
4.41  0.012156  0.012155  9.00166e-07 
4.42  0.012035  0.012034  8.9323e-07 
4.43  0.011915  0.011914  8.86343e-07 
4.44  0.011797  0.011796  8.79505e-07 
4.45  0.011679  0.011679  8.72715e-07 
4.46  0.011563  0.011562  8.65973e-07 
4.47  0.011448  0.011447  8.59279e-07 
4.48  0.011334  0.011333  8.52632e-07 
4.49  0.011221  0.011221  8.46033e-07 
4.50  0.011110  0.011109  8.3948e-07 
4.51  0.010999  0.010998  8.32974e-07 
4.52  0.010890  0.010889  8.26515e-07 
4.53  0.010781  0.010781  8.20101e-07 
4.54  0.010674  0.010673  8.13733e-07 
4.55  0.010568  0.010567  8.07411e-07 
4.56  0.010463  0.010462  8.01134e-07 
4.57  0.010359  0.010358  7.94902e-07 
4.58  0.010256  0.010255  7.88715e-07 
4.59  0.010154  0.010153  7.82572e-07 
4.60  0.010053  0.010052  7.76474e-07 
4.61  0.009953  0.009952  7.70419e-07 
4.62  0.009854  0.009853  7.64408e-07 
4.63  0.009756  0.009755  7.5844e-07 
4.64  0.009658  0.009658  7.52515e-07 
4.65  0.009562  0.009562  7.46633e-07 
4.66  0.009467  0.009466  7.40794e-07 
4.67  0.009373  0.009372  7.34997e-07 
4.68  0.009280  0.009279  7.29242e-07 
4.69  0.009187  0.009187  7.23528e-07 
4.70  0.009096  0.009095  7.17857e-07 
4.71  0.009005  0.009005  7.12226e-07 
4.72  0.008916  0.008915  7.06636e-07 
4.73  0.008827  0.008826  7.01088e-07 
4.74  0.008739  0.008739  6.95579e-07 
4.75  0.008652  0.008652  6.90111e-07 
4.76  0.008566  0.008566  6.84683e-07 
4.77  0.008481  0.008480  6.79294e-07 
4.78  0.008397  0.008396  6.73945e-07 
4.79  0.008313  0.008312  6.68635e-07 
4.80  0.008230  0.008230  6.63364e-07 
4.81  0.008149  0.008148  6.58132e-07 
4.82  0.008067  0.008067  6.52938e-07 
4.83  0.007987  0.007987  6.47782e-07 
4.84  0.007908  0.007907  6.42665e-07 
4.85  0.007829  0.007828  6.37585e-07 
4.86  0.007751  0.007750  6.32542e-07 
4.87  0.007674  0.007673  6.27537e-07 
4.88  0.007598  0.007597  6.22569e-07 
4.89  0.007522  0.007521  6.17637e-07 
4.90  0.007447  0.007447  6.12742e-07 
4.91  0.007373  0.007372  6.07883e-07 
4.92  0.007300  0.007299  6.03061e-07 
4.93  0.007227  0.007227  5.98274e-07 
4.94  0.007155  0.007155  5.93522e-07 
4.95  0.007084  0.007083  5.88806e-07 
4.96  0.007014  0.007013  5.84125e-07 
4.97  0.006944  0.006943  5.79479e-07 
4.98  0.006875  0.006874  5.74867e-07 
4.99  0.006806  0.006806  5.7029e-07 

 
0.00  1.000000  1.000000  0 
0.10  0.905000  0.904837  0.000162582 
0.20  0.819025  0.818731  0.000294247 
0.30  0.741218  0.740818  0.000399404 
0.40  0.670802  0.670320  0.000481905 
0.50  0.607076  0.606531  0.000545106 
0.60  0.549404  0.548812  0.000591932 
0.70  0.497210  0.496585  0.000624925 
0.80  0.449975  0.449329  0.000646293 
0.90  0.407228  0.406570  0.000657948 
1.00  0.368541  0.367879  0.000661544 
1.10  0.333530  0.332871  0.000658508 
1.20  0.301844  0.301194  0.000650068 
1.30  0.273169  0.272532  0.00063728 
1.40  0.247218  0.246597  0.000621048 
1.50  0.223732  0.223130  0.00060214 
1.60  0.202478  0.201897  0.000581214 
1.70  0.183242  0.182684  0.000558823 
1.80  0.165834  0.165299  0.000535436 
1.90  0.150080  0.149569  0.000511444 
2.00  0.135822  0.135335  0.000487174 
2.10  0.122919  0.122456  0.000462896 
2.20  0.111242  0.110803  0.00043883 
2.30  0.100674  0.100259  0.000415156 
2.40  0.091110  0.090718  0.000392016 
2.50  0.082455  0.082085  0.000369524 
2.60  0.074621  0.074274  0.000347764 
2.70  0.067532  0.067206  0.000326802 
2.80  0.061117  0.060810  0.000306683 
2.90  0.055311  0.055023  0.000287434 
3.00  0.050056  0.049787  0.000269074 
3.10  0.045301  0.045049  0.000251606 
3.20  0.040997  0.040762  0.000235028 
3.30  0.037102  0.036883  0.000219327 
3.40  0.033578  0.033373  0.000204488 
3.50  0.030388  0.030197  0.000190487 
3.60  0.027501  0.027324  0.000177301 
3.70  0.024888  0.024724  0.000164899 
3.80  0.022524  0.022371  0.000153254 
3.90  0.020384  0.020242  0.000142332 
4.00  0.018448  0.018316  0.000132101 
4.10  0.016695  0.016573  0.000122529 
4.20  0.015109  0.014996  0.000113583 
4.30  0.013674  0.013569  0.000105231 
4.40  0.012375  0.012277  9.744e-05 
4.50  0.011199  0.011109  9.01793e-05 
4.60  0.010135  0.010052  8.34184e-05 
4.70  0.009172  0.009095  7.71279e-05 
4.80  0.008301  0.008230  7.12795e-05 
4.90  0.007512  0.007447  6.58459e-05 

 
0.00  1.000000  1.000000  0 
1.00  0.500000  0.367879  0.132121 
2.00  0.250000  0.135335  0.114665 
3.00  0.125000  0.049787  0.0752129 
4.00  0.062500  0.018316  0.0441844 

 
