0 1.05758 498.942 
0.1 1.11845 498.882 
0.2 1.18281 498.817 
0.3 1.25086 498.749 
0.4 1.32279 498.677 
0.5 1.39884 498.601 
0.6 1.47924 498.521 
0.7 1.56422 498.436 
0.8 1.65405 498.346 
0.9 1.749 498.251 
1 1.84936 498.151 
1.1 1.95543 498.045 
1.2 2.06753 497.932 
1.3 2.186 497.814 
1.4 2.31118 497.689 
1.5 2.44346 497.557 
1.6 2.58323 497.417 
1.7 2.73089 497.269 
1.8 2.8869 497.113 
1.9 3.0517 496.948 
2 3.22577 496.774 
2.1 3.40963 496.59 
2.2 3.60381 496.396 
2.3 3.80886 496.191 
2.4 4.02538 495.975 
2.5 4.25398 495.746 
2.6 4.49531 495.505 
2.7 4.75006 495.25 
2.8 5.01892 494.981 
2.9 5.30266 494.697 
3 5.60205 494.398 
3.1 5.91791 494.082 
3.2 6.2511 493.749 
3.3 6.60252 493.397 
3.4 6.97309 493.027 
3.5 7.3638 492.636 
3.6 7.77566 492.224 
3.7 8.20974 491.79 
3.8 8.66714 491.333 
3.9 9.14901 490.851 
4 9.65655 490.343 
4.1 10.191 489.809 
4.2 10.7536 489.246 
4.3 11.3458 488.654 
4.4 11.9689 488.031 
4.5 12.6243 487.376 
4.6 13.3135 486.687 
4.7 14.038 485.962 
4.8 14.7994 485.201 
4.9 15.5992 484.401 
5 16.4392 483.561 
5.1 17.3209 482.679 
5.2 18.2461 481.754 
5.3 19.2165 480.783 
5.4 20.234 479.766 
5.5 21.3002 478.7 
5.6 22.4169 477.583 
5.7 23.5861 476.414 
5.8 24.8095 475.19 
5.9 26.089 473.911 
6 27.4263 472.574 
6.1 28.8233 471.177 
6.2 30.2818 469.718 
6.3 31.8034 468.197 
6.4 33.3899 466.61 
6.5 35.0429 464.957 
6.6 36.7641 463.236 
6.7 38.5548 461.445 
6.8 40.4166 459.583 
6.9 42.3507 457.649 
7 44.3584 455.642 
7.1 46.4407 453.559 
7.2 48.5985 451.401 
7.3 50.8328 449.167 
7.4 53.144 446.856 
7.5 55.5327 444.467 
7.6 57.9992 442.001 
7.7 60.5435 439.457 
7.8 63.1655 436.834 
7.9 65.865 434.135 
8 68.6413 431.359 
8.1 71.4938 428.506 
8.2 74.4214 425.579 
8.3 77.4229 422.577 
8.4 80.4969 419.503 
8.5 83.6418 416.358 
8.6 86.8555 413.144 
8.7 90.1361 409.864 
8.8 93.4812 406.519 
8.9 96.8883 403.112 
9 100.355 399.645 
9.1 103.877 396.123 
9.2 107.453 392.547 
9.3 111.079 388.921 
9.4 114.751 385.249 
9.5 118.467 381.533 
9.6 122.222 377.778 
9.7 126.013 373.987 
9.8 129.836 370.164 
9.9 133.687 366.313 
10 137.562 362.438 
10.1 141.458 358.542 
10.2 145.371 354.629 
10.3 149.296 350.704 
10.4 153.23 346.77 
10.5 157.169 342.831 
10.6 161.11 338.89 
10.7 165.048 334.952 
10.8 168.981 331.019 
10.9 172.905 327.095 
11 176.816 323.184 
11.1 180.712 319.288 
11.2 184.589 315.411 
11.3 188.444 311.556 
11.4 192.276 307.724 
11.5 196.08 303.92 
11.6 199.855 300.145 
11.7 203.598 296.402 
11.8 207.307 292.693 
11.9 210.981 289.019 
12 214.616 285.384 
12.1 218.212 281.788 
12.2 221.767 278.233 
12.3 225.279 274.721 
12.4 228.748 271.252 
12.5 232.171 267.829 
12.6 235.549 264.451 
12.7 238.88 261.12 
12.8 242.162 257.838 
12.9 245.397 254.603 
13 248.582 251.418 
13.1 251.719 248.281 
13.2 254.805 245.195 
13.3 257.841 242.159 
13.4 260.827 239.173 
13.5 263.762 236.238 
13.6 266.648 233.352 
13.7 269.482 230.518 
13.8 272.267 227.733 
13.9 275.001 224.999 
14 277.686 222.314 
14.1 280.321 219.679 
14.2 282.907 217.093 
14.3 285.444 214.556 
14.4 287.932 212.068 
14.5 290.373 209.627 
14.6 292.765 207.235 
14.7 295.111 204.889 
14.8 297.411 202.589 
14.9 299.664 200.336 
15 301.872 198.128 
15.1 304.036 195.964 
15.2 306.155 193.845 
15.3 308.231 191.769 
15.4 310.264 189.736 
15.5 312.254 187.746 
15.6 314.204 185.796 
15.7 316.112 183.888 
15.8 317.98 182.02 
15.9 319.809 180.191 
16 321.598 178.402 
16.1 323.35 176.65 
16.2 325.064 174.936 
16.3 326.741 173.259 
16.4 328.382 171.618 
16.5 329.988 170.012 
16.6 331.559 168.441 
16.7 333.096 166.904 
16.8 334.599 165.401 
16.9 336.069 163.931 
17 337.507 162.493 
17.1 338.914 161.086 
17.2 340.29 159.71 
17.3 341.635 158.365 
17.4 342.951 157.049 
17.5 344.237 155.763 
17.6 345.495 154.505 
17.7 346.726 153.274 
17.8 347.928 152.072 
17.9 349.105 150.895 
18 350.254 149.746 
18.1 351.379 148.621 
18.2 352.478 147.522 
18.3 353.552 146.448 
18.4 354.603 145.397 
18.5 355.63 144.37 
18.6 356.634 143.366 
18.7 357.615 142.385 
18.8 358.575 141.425 
18.9 359.513 140.487 
19 360.429 139.571 
19.1 361.326 138.674 
19.2 362.202 137.798 
19.3 363.058 136.942 
19.4 363.895 136.105 
19.5 364.713 135.287 
19.6 365.512 134.488 
19.7 366.294 133.706 
19.8 367.058 132.942 
19.9 367.805 132.195 
20 368.534 131.466 
20.1 369.248 130.752 
20.2 369.945 130.055 
20.3 370.626 129.374 
20.4 371.292 128.708 
20.5 371.943 128.057 
20.6 372.579 127.421 
20.7 373.201 126.799 
20.8 373.809 126.191 
20.9 374.403 125.597 
21 374.983 125.017 
21.1 375.55 124.45 
21.2 376.105 123.895 
21.3 376.647 123.353 
21.4 377.176 122.824 
21.5 377.694 122.306 
21.6 378.2 121.8 
21.7 378.694 121.306 
21.8 379.177 120.823 
21.9 379.65 120.35 
22 380.111 119.889 
22.1 380.562 119.438 
22.2 381.003 118.997 
22.3 381.434 118.566 
22.4 381.855 118.145 
22.5 382.266 117.734 
22.6 382.668 117.332 
22.7 383.061 116.939 
22.8 383.445 116.555 
22.9 383.821 116.179 
23 384.188 115.812 
23.1 384.546 115.454 
23.2 384.897 115.103 
23.3 385.239 114.761 
23.4 385.574 114.426 
23.5 385.901 114.099 
23.6 386.22 113.78 
23.7 386.533 113.467 
23.8 386.838 113.162 
23.9 387.137 112.863 
24 387.428 112.572 
24.1 387.713 112.287 
24.2 387.992 112.008 
24.3 388.264 111.736 
24.4 388.53 111.47 
24.5 388.79 111.21 
24.6 389.044 110.956 
24.7 389.292 110.708 
24.8 389.535 110.465 
24.9 389.772 110.228 
25 390.004 109.996 
25.1 390.231 109.769 
25.2 390.452 109.548 
25.3 390.668 109.332 
25.4 390.88 109.12 
25.5 391.087 108.913 
25.6 391.288 108.712 
25.7 391.486 108.514 
25.8 391.679 108.321 
25.9 391.867 108.133 
26 392.052 107.948 
26.1 392.232 107.768 
26.2 392.408 107.592 
26.3 392.58 107.42 
26.4 392.748 107.252 
26.5 392.912 107.088 
26.6 393.073 106.927 
26.7 393.23 106.77 
26.8 393.383 106.617 
26.9 393.533 106.467 
27 393.68 106.32 
27.1 393.823 106.177 
27.2 393.963 106.037 
27.3 394.099 105.901 
27.4 394.233 105.767 
27.5 394.364 105.636 
27.6 394.491 105.509 
27.7 394.616 105.384 
27.8 394.738 105.262 
27.9 394.857 105.143 
28 394.974 105.026 
28.1 395.088 104.912 
28.2 395.199 104.801 
28.3 395.308 104.692 
28.4 395.414 104.586 
28.5 395.518 104.482 
28.6 395.619 104.381 
28.7 395.719 104.281 
28.8 395.816 104.184 
28.9 395.91 104.09 
29 396.003 103.997 
29.1 396.093 103.907 
29.2 396.182 103.818 
29.3 396.268 103.732 
29.4 396.353 103.647 
29.5 396.435 103.565 
29.6 396.516 103.484 
29.7 396.595 103.405 
29.8 396.672 103.328 
29.9 396.748 103.252 
30 396.821 103.179 
30.1 396.893 103.107 
30.2 396.964 103.036 
30.3 397.032 102.968 
30.4 397.1 102.9 
30.5 397.165 102.835 
30.6 397.229 102.771 
30.7 397.292 102.708 
30.8 397.353 102.647 
30.9 397.413 102.587 
31 397.472 102.528 
31.1 397.529 102.471 
31.2 397.585 102.415 
31.3 397.64 102.36 
31.4 397.693 102.307 
31.5 397.745 102.255 
31.6 397.796 102.204 
31.7 397.846 102.154 
31.8 397.895 102.105 
31.9 397.943 102.057 
32 397.989 102.011 
32.1 398.035 101.965 
32.2 398.079 101.921 
32.3 398.123 101.877 
32.4 398.165 101.835 
32.5 398.207 101.793 
32.6 398.247 101.753 
32.7 398.287 101.713 
32.8 398.326 101.674 
32.9 398.364 101.636 
33 398.401 101.599 
33.1 398.437 101.563 
33.2 398.472 101.528 
33.3 398.507 101.493 
33.4 398.541 101.459 
33.5 398.574 101.426 
33.6 398.606 101.394 
33.7 398.638 101.362 
33.8 398.669 101.331 
33.9 398.699 101.301 
34 398.728 101.272 
34.1 398.757 101.243 
34.2 398.785 101.215 
34.3 398.813 101.187 
34.4 398.839 101.161 
34.5 398.866 101.134 
34.6 398.891 101.109 
34.7 398.917 101.083 
34.8 398.941 101.059 
34.9 398.965 101.035 
35 398.988 101.012 
35.1 399.011 100.989 
35.2 399.034 100.966 
35.3 399.056 100.944 
35.4 399.077 100.923 
35.5 399.098 100.902 
35.6 399.118 100.882 
35.7 399.138 100.862 
35.8 399.158 100.842 
35.9 399.177 100.823 
36 399.195 100.805 
36.1 399.214 100.786 
36.2 399.231 100.769 
36.3 399.249 100.751 
36.4 399.266 100.734 
36.5 399.282 100.718 
36.6 399.299 100.701 
36.7 399.315 100.685 
36.8 399.33 100.67 
36.9 399.345 100.655 
37 399.36 100.64 
37.1 399.375 100.625 
37.2 399.389 100.611 
37.3 399.403 100.597 
37.4 399.416 100.584 
37.5 399.429 100.571 
37.6 399.442 100.558 
37.7 399.455 100.545 
37.8 399.467 100.533 
37.9 399.479 100.521 
38 399.491 100.509 
38.1 399.503 100.497 
38.2 399.514 100.486 
38.3 399.525 100.475 
38.4 399.536 100.464 
38.5 399.546 100.454 
38.6 399.556 100.444 
38.7 399.566 100.434 
38.8 399.576 100.424 
38.9 399.586 100.414 
39 399.595 100.405 
39.1 399.604 100.396 
39.2 399.613 100.387 
39.3 399.622 100.378 
39.4 399.631 100.369 
39.5 399.639 100.361 
39.6 399.647 100.353 
39.7 399.655 100.345 
39.8 399.663 100.337 
39.9 399.671 100.329 
40 399.678 100.322 
40.1 399.685 100.315 
40.2 399.692 100.308 
40.3 399.699 100.301 
40.4 399.706 100.294 
40.5 399.713 100.287 
40.6 399.719 100.281 
40.7 399.726 100.274 
40.8 399.732 100.268 
40.9 399.738 100.262 
41 399.744 100.256 
41.1 399.75 100.25 
41.2 399.755 100.245 
41.3 399.761 100.239 
41.4 399.766 100.234 
41.5 399.772 100.228 
41.6 399.777 100.223 
41.7 399.782 100.218 
41.8 399.787 100.213 
41.9 399.792 100.208 
42 399.796 100.204 
42.1 399.801 100.199 
42.2 399.805 100.195 
42.3 399.81 100.19 
42.4 399.814 100.186 
42.5 399.818 100.182 
42.6 399.822 100.178 
42.7 399.826 100.174 
42.8 399.83 100.17 
42.9 399.834 100.166 
43 399.838 100.162 
43.1 399.842 100.158 
43.2 399.845 100.155 
43.3 399.849 100.151 
43.4 399.852 100.148 
43.5 399.856 100.144 
43.6 399.859 100.141 
43.7 399.862 100.138 
43.8 399.865 100.135 
43.9 399.868 100.132 
44 399.871 100.129 
44.1 399.874 100.126 
44.2 399.877 100.123 
44.3 399.88 100.12 
44.4 399.882 100.118 
44.5 399.885 100.115 
44.6 399.888 100.112 
44.7 399.89 100.11 
44.8 399.893 100.107 
44.9 399.895 100.105 
45 399.898 100.102 
45.1 399.9 100.1 
45.2 399.902 100.098 
45.3 399.904 100.096 
45.4 399.906 100.094 
45.5 399.909 100.091 
45.6 399.911 100.089 
45.7 399.913 100.087 
45.8 399.915 100.085 
45.9 399.917 100.083 
46 399.918 100.082 
46.1 399.92 100.08 
46.2 399.922 100.078 
46.3 399.924 100.076 
46.4 399.926 100.074 
46.5 399.927 100.073 
46.6 399.929 100.071 
46.7 399.931 100.069 
46.8 399.932 100.068 
46.9 399.934 100.066 
47 399.935 100.065 
47.1 399.937 100.063 
47.2 399.938 100.062 
47.3 399.939 100.061 
47.4 399.941 100.059 
47.5 399.942 100.058 
47.6 399.943 100.057 
47.7 399.945 100.055 
47.8 399.946 100.054 
47.9 399.947 100.053 
48 399.948 100.052 
48.1 399.95 100.05 
48.2 399.951 100.049 
48.3 399.952 100.048 
48.4 399.953 100.047 
48.5 399.954 100.046 
48.6 399.955 100.045 
48.7 399.956 100.044 
48.8 399.957 100.043 
48.9 399.958 100.042 
49 399.959 100.041 
49.1 399.96 100.04 
49.2 399.961 100.039 
49.3 399.962 100.038 
49.4 399.963 100.037 
49.5 399.963 100.037 
49.6 399.964 100.036 
49.7 399.965 100.035 
49.8 399.966 100.034 
49.9 399.967 100.033 
50 399.967 100.033 
50.1 399.968 100.032 
50.2 399.969 100.031 
50.3 399.97 100.03 
50.4 399.97 100.03 
50.5 399.971 100.029 
50.6 399.972 100.028 
50.7 399.972 100.028 
50.8 399.973 100.027 
50.9 399.973 100.027 
51 399.974 100.026 
51.1 399.975 100.025 
51.2 399.975 100.025 
51.3 399.976 100.024 
51.4 399.976 100.024 
51.5 399.977 100.023 
51.6 399.977 100.023 
51.7 399.978 100.022 
51.8 399.978 100.022 
51.9 399.979 100.021 
52 399.979 100.021 
52.1 399.98 100.02 
52.2 399.98 100.02 
52.3 399.981 100.019 
52.4 399.981 100.019 
52.5 399.982 100.018 
52.6 399.982 100.018 
52.7 399.982 100.018 
52.8 399.983 100.017 
52.9 399.983 100.017 
53 399.984 100.016 
53.1 399.984 100.016 
53.2 399.984 100.016 
53.3 399.985 100.015 
53.4 399.985 100.015 
53.5 399.985 100.015 
53.6 399.986 100.014 
53.7 399.986 100.014 
53.8 399.986 100.014 
53.9 399.987 100.013 
54 399.987 100.013 
54.1 399.987 100.013 
54.2 399.988 100.012 
54.3 399.988 100.012 
54.4 399.988 100.012 
54.5 399.988 100.012 
54.6 399.989 100.011 
54.7 399.989 100.011 
54.8 399.989 100.011 
54.9 399.989 100.011 
55 399.99 100.01 
55.1 399.99 100.01 
55.2 399.99 100.01 
55.3 399.99 100.01 
55.4 399.991 100.009 
55.5 399.991 100.009 
55.6 399.991 100.009 
55.7 399.991 100.009 
55.8 399.991 100.009 
55.9 399.992 100.008 
56 399.992 100.008 
56.1 399.992 100.008 
56.2 399.992 100.008 
56.3 399.992 100.008 
56.4 399.992 100.008 
56.5 399.993 100.007 
56.6 399.993 100.007 
56.7 399.993 100.007 
56.8 399.993 100.007 
56.9 399.993 100.007 
57 399.993 100.007 
57.1 399.994 100.006 
57.2 399.994 100.006 
57.3 399.994 100.006 
57.4 399.994 100.006 
57.5 399.994 100.006 
57.6 399.994 100.006 
57.7 399.994 100.006 
57.8 399.995 100.005 
57.9 399.995 100.005 
58 399.995 100.005 
58.1 399.995 100.005 
58.2 399.995 100.005 
58.3 399.995 100.005 
58.4 399.995 100.005 
58.5 399.995 100.005 
58.6 399.995 100.005 
58.7 399.996 100.004 
58.8 399.996 100.004 
58.9 399.996 100.004 
59 399.996 100.004 
59.1 399.996 100.004 
59.2 399.996 100.004 
59.3 399.996 100.004 
59.4 399.996 100.004 
59.5 399.996 100.004 
59.6 399.996 100.004 
59.7 399.996 100.004 
59.8 399.997 100.003 
59.9 399.997 100.003 
60 399.997 100.003 
60.1 399.997 100.003 
60.2 399.997 100.003 
60.3 399.997 100.003 
60.4 399.997 100.003 
60.5 399.997 100.003 
60.6 399.997 100.003 
60.7 399.997 100.003 
60.8 399.997 100.003 
60.9 399.997 100.003 
61 399.997 100.003 
61.1 399.997 100.003 
61.2 399.997 100.003 
61.3 399.998 100.002 
61.4 399.998 100.002 
61.5 399.998 100.002 
61.6 399.998 100.002 
61.7 399.998 100.002 
61.8 399.998 100.002 
61.9 399.998 100.002 
62 399.998 100.002 
62.1 399.998 100.002 
62.2 399.998 100.002 
62.3 399.998 100.002 
62.4 399.998 100.002 
62.5 399.998 100.002 
62.6 399.998 100.002 
62.7 399.998 100.002 
62.8 399.998 100.002 
62.9 399.998 100.002 
63 399.998 100.002 
63.1 399.998 100.002 
63.2 399.998 100.002 
63.3 399.998 100.002 
63.4 399.998 100.002 
63.5 399.999 100.001 
63.6 399.999 100.001 
63.7 399.999 100.001 
63.8 399.999 100.001 
63.9 399.999 100.001 
64 399.999 100.001 
64.1 399.999 100.001 
64.2 399.999 100.001 
64.3 399.999 100.001 
64.4 399.999 100.001 
64.5 399.999 100.001 
64.6 399.999 100.001 
64.7 399.999 100.001 
64.8 399.999 100.001 
64.9 399.999 100.001 
65 399.999 100.001 
65.1 399.999 100.001 
65.2 399.999 100.001 
65.3 399.999 100.001 
65.4 399.999 100.001 
65.5 399.999 100.001 
65.6 399.999 100.001 
65.7 399.999 100.001 
65.8 399.999 100.001 
65.9 399.999 100.001 
66 399.999 100.001 
66.1 399.999 100.001 
66.2 399.999 100.001 
66.3 399.999 100.001 
66.4 399.999 100.001 
66.5 399.999 100.001 
66.6 399.999 100.001 
66.7 399.999 100.001 
66.8 399.999 100.001 
66.9 399.999 100.001 
67 399.999 100.001 
67.1 399.999 100.001 
67.2 399.999 100.001 
67.3 399.999 100.001 
67.4 399.999 100.001 
67.5 399.999 100.001 
67.6 399.999 100.001 
67.7 399.999 100.001 
67.8 399.999 100.001 
67.9 399.999 100.001 
68 399.999 100.001 
68.1 399.999 100.001 
68.2 399.999 100.001 
68.3 400 100 
68.4 400 100 
68.5 400 100 
68.6 400 100 
68.7 400 100 
68.8 400 100 
68.9 400 100 
69 400 100 
69.1 400 100 
69.2 400 100 
69.3 400 100 
69.4 400 100 
69.5 400 100 
69.6 400 100 
69.7 400 100 
69.8 400 100 
69.9 400 100 
70 400 100 
70.1 400 100 
70.2 400 100 
70.3 400 100 
70.4 400 100 
70.5 400 100 
70.6 400 100 
70.7 400 100 
70.8 400 100 
70.9 400 100 
71 400 100 
71.1 400 100 
71.2 400 100 
71.3 400 100 
71.4 400 100 
71.5 400 100 
71.6 400 100 
71.7 400 100 
71.8 400 100 
71.9 400 100 
72 400 100 
72.1 400 100 
72.2 400 100 
72.3 400 100 
72.4 400 100 
72.5 400 100 
72.6 400 100 
72.7 400 100 
72.8 400 100 
72.9 400 100 
73 400 100 
73.1 400 100 
73.2 400 100 
73.3 400 100 
73.4 400 100 
73.5 400 100 
73.6 400 100 
73.7 400 100 
73.8 400 100 
73.9 400 100 
74 400 100 
74.1 400 100 
74.2 400 100 
74.3 400 100 
74.4 400 100 
74.5 400 100 
74.6 400 100 
74.7 400 100 
74.8 400 100 
74.9 400 100 
75 400 100 
75.1 400 100 
75.2 400 100 
75.3 400 100 
75.4 400 100 
75.5 400 100 
75.6 400 100 
75.7 400 100 
75.8 400 100 
75.9 400 100 
76 400 100 
76.1 400 100 
76.2 400 100 
76.3 400 100 
76.4 400 100 
76.5 400 100 
76.6 400 100 
76.7 400 100 
76.8 400 100 
76.9 400 100 
77 400 100 
77.1 400 100 
77.2 400 100 
77.3 400 100 
77.4 400 100 
77.5 400 100 
77.6 400 100 
77.7 400 100 
77.8 400 100 
77.9 400 100 
78 400 100 
78.1 400 100 
78.2 400 100 
78.3 400 100 
78.4 400 100 
78.5 400 100 
78.6 400 100 
78.7 400 100 
78.8 400 100 
78.9 400 100 
79 400 100 
79.1 400 100 
79.2 400 100 
79.3 400 100 
79.4 400 100 
79.5 400 100 
79.6 400 100 
79.7 400 100 
79.8 400 100 
79.9 400 100 
80 400 100 
80.1 400 100 
80.2 400 100 
80.3 400 100 
80.4 400 100 
80.5 400 100 
80.6 400 100 
80.7 400 100 
80.8 400 100 
80.9 400 100 
81 400 100 
81.1 400 100 
81.2 400 100 
81.3 400 100 
81.4 400 100 
81.5 400 100 
81.6 400 100 
81.7 400 100 
81.8 400 100 
81.9 400 100 
82 400 100 
82.1 400 100 
82.2 400 100 
82.3 400 100 
82.4 400 100 
82.5 400 100 
82.6 400 100 
82.7 400 100 
82.8 400 100 
82.9 400 100 
83 400 100 
83.1 400 100 
83.2 400 100 
83.3 400 100 
83.4 400 100 
83.5 400 100 
83.6 400 100 
83.7 400 100 
83.8 400 100 
83.9 400 100 
84 400 100 
84.1 400 100 
84.2 400 100 
84.3 400 100 
84.4 400 100 
84.5 400 100 
84.6 400 100 
84.7 400 100 
84.8 400 100 
84.9 400 100 
85 400 100 
85.1 400 100 
85.2 400 100 
85.3 400 100 
85.4 400 100 
85.5 400 100 
85.6 400 100 
85.7 400 100 
85.8 400 100 
85.9 400 100 
86 400 100 
86.1 400 100 
86.2 400 100 
86.3 400 100 
86.4 400 100 
86.5 400 100 
86.6 400 100 
86.7 400 100 
86.8 400 100 
86.9 400 100 
87 400 100 
87.1 400 100 
87.2 400 100 
87.3 400 100 
87.4 400 100 
87.5 400 100 
87.6 400 100 
87.7 400 100 
87.8 400 100 
87.9 400 100 
88 400 100 
88.1 400 100 
88.2 400 100 
88.3 400 100 
88.4 400 100 
88.5 400 100 
88.6 400 100 
88.7 400 100 
88.8 400 100 
88.9 400 100 
89 400 100 
89.1 400 100 
89.2 400 100 
89.3 400 100 
89.4 400 100 
89.5 400 100 
89.6 400 100 
89.7 400 100 
89.8 400 100 
89.9 400 100 
90 400 100 
90.1 400 100 
90.2 400 100 
90.3 400 100 
90.4 400 100 
90.5 400 100 
90.6 400 100 
90.7 400 100 
90.8 400 100 
90.9 400 100 
91 400 100 
91.1 400 100 
91.2 400 100 
91.3 400 100 
91.4 400 100 
91.5 400 100 
91.6 400 100 
91.7 400 100 
91.8 400 100 
91.9 400 100 
92 400 100 
92.1 400 100 
92.2 400 100 
92.3 400 100 
92.4 400 100 
92.5 400 100 
92.6 400 100 
92.7 400 100 
92.8 400 100 
92.9 400 100 
93 400 100 
93.1 400 100 
93.2 400 100 
93.3 400 100 
93.4 400 100 
93.5 400 100 
93.6 400 100 
93.7 400 100 
93.8 400 100 
93.9 400 100 
94 400 100 
94.1 400 100 
94.2 400 100 
94.3 400 100 
94.4 400 100 
94.5 400 100 
94.6 400 100 
94.7 400 100 
94.8 400 100 
94.9 400 100 
95 400 100 
95.1 400 100 
95.2 400 100 
95.3 400 100 
95.4 400 100 
95.5 400 100 
95.6 400 100 
95.7 400 100 
95.8 400 100 
95.9 400 100 
96 400 100 
96.1 400 100 
96.2 400 100 
96.3 400 100 
96.4 400 100 
96.5 400 100 
96.6 400 100 
96.7 400 100 
96.8 400 100 
96.9 400 100 
97 400 100 
97.1 400 100 
97.2 400 100 
97.3 400 100 
97.4 400 100 
97.5 400 100 
97.6 400 100 
97.7 400 100 
97.8 400 100 
97.9 400 100 
98 400 100 
98.1 400 100 
98.2 400 100 
98.3 400 100 
98.4 400 100 
98.5 400 100 
98.6 400 100 
98.7 400 100 
98.8 400 100 
98.9 400 100 
99 400 100 
99.1 400 100 
99.2 400 100 
99.3 400 100 
99.4 400 100 
99.5 400 100 
99.6 400 100 
99.7 400 100 
99.8 400 100 
99.9 400 100 
